Here are the abbreviated stats:
Name, (nickname)
S: A || D || BS/BA/BE/BT 
OH: K/E/TA/K% || 3/2/1/0/Avg
MB: K/E/TA/K% || BS/BA/BT
L: 3/2/1/0/Avg || D
Micky (mc)	13 || 1 || 0 1 0 0.5
Manley (ma)	2 0 6 .333 || 5 5 1 2 | 2.00 
Lake (lm)	5 1 8 .500 || 0 0 1 0 | 1.00 
Kyle D. (kd)	0 2 5 -.400 || 3 4 1 0 | 2.25 
Gino (gg)	0 1 1 -1.000 || 3 4 1 1 | 2.00 
Cam (cb)	1 2 0 0 | 2.33  || 3
Cody H. (ch)	0 0 0 0 | 0.00  || 0
Santos (js)	0 2 0 1 | 1.33  || 0
Cody C. (cc)	0 0 0 0 | 0.00  || 1
Howard (jh)	5 1 7 .571 || 0 1 0 0.5
Fort (jf)	2 1 3 .333 || 0 3 0 1.5
Ray (rc)	5 1 7 .571 || 0 1 0 0.5
Shad (sh)	8 || 2 || 0 0 0 0.0
Shane (cs)	0 0 0 .000 || 0 0 0 0.0
Landel (cj)	3 2 8 .125 || 0 0 0 0 | 0.00 
Mauro (cm)	0 0 0 .000 || 0 0 0 0 | 0.00 

K/E/TA/K%: 24/9/48/.313
Receive(3/2/1/0/avg): 12/17/4/4/2.00
BS/BA/BE/TB: 0/8/0/4.0
SA/3/2/1/SE: 4/4/17/12/7/1.68
Assists: 21
Digs: 13
Total Points: 32.0
Total Errors: 16

Micky	0 0 0 .000 || 0 0 0 0 | 0.00  || 0 1 0 0.5 || 0 0 3 1 0 | 1.75 || 1 || 13 || 0.5 || 0
Manley	2 0 6 .333 || 5 5 1 2 | 2.00  || 0 0 0 0.0 || 0 0 1 2 0 | 1.33 || 0 || 0 || 2.0 || 0
Lake	5 1 8 .500 || 0 0 1 0 | 1.00  || 0 1 0 0.5 || 1 0 2 1 2 | 1.50 || 1 || 0 || 6.5 || 3
Kyle D.	0 2 5 -.400 || 3 4 1 0 | 2.25  || 0 1 0 0.5 || 0 0 1 3 0 | 1.25 || 1 || 0 || 0.5 || 2
Gino	0 1 1 -1.000 || 3 4 1 1 | 2.00  || 0 0 0 0.0 || 1 0 4 0 0 | 2.40 || 2 || 0 || 1.0 || 1
Cam		0 0 0 .000 || 1 2 0 0 | 2.33  || 0 0 0 0.0 || 0 0 0 1 0 | 1.00 || 3 || 0 || 0.0 || 0
Cody H.	0 0 0 .000 || 0 0 0 0 | 0.00  || 0 0 0 0.0 || 0 0 0 0 0 | 0.00 || 0 || 0 || 0.0 || 0
Santos	0 0 0 .000 || 0 2 0 1 | 1.33  || 0 0 0 0.0 || 0 0 0 0 0 | 0.00 || 0 || 0 || 0.0 || 0
Cody C.	0 0 0 .000 || 0 0 0 0 | 0.00  || 0 0 0 0.0 || 0 0 3 3 2 | 1.13 || 1 || 0 || 0.0 || 2
Howard	5 1 7 .571 || 0 0 0 0 | 0.00  || 0 1 0 0.5 || 1 2 2 0 1 | 2.33 || 1 || 0 || 6.5 || 2
Fort	2 1 3 .333 || 0 0 0 0 | 0.00  || 0 3 0 1.5 || 0 0 0 0 0 | 0.00 || 0 || 0 || 3.5 || 1
Ray		5 1 7 .571 || 0 0 0 0 | 0.00  || 0 1 0 0.5 || 0 0 0 0 0 | 0.00 || 1 || 0 || 5.5 || 1
Shad	2 0 3 .667 || 0 0 0 0 | 0.00  || 0 0 0 0.0 || 0 1 1 0 1 | 1.67 || 2 || 8 || 2.0 || 1
Shane	0 0 0 .000 || 0 0 0 0 | 0.00  || 0 0 0 0.0 || 0 0 0 0 0 | 0.00 || 0 || 0 || 0.0 || 0
Landel	3 2 8 .125 || 0 0 0 0 | 0.00  || 0 0 0 0.0 || 1 1 0 1 1 | 2.00 || 0 || 0 || 4.0 || 3
Mauro	0 0 0 .000 || 0 0 0 0 | 0.00  || 0 0 0 0.0 || 0 0 0 0 0 | 0.00 || 0 || 0 || 0.0 || 0
K/E/TA/K%: 24/9/48/.313
Receive(3/2/1/0/avg): 12/17/4/4/2.00
BS/BA/BE/TB: 0/8/0/4.0
SA/3/2/1/SE/avg: 4/4/17/12/7/1.68
Assists: 21
Digs: 13
Total Points: 32.0
Total Errors: 16

