Here are the abbreviated stats:
Name, (nickname)
S: A || D || BS/BA/BE/BT 
OH: K/E/TA/K% || 3/2/1/0/Avg
MB: K/E/TA/K% || BS/BA/BT
L: 3/2/1/0/Avg || D
Micky (mc)	6 || 1 || 0 1 0 0.5
Manley (ma)	1 3 5 -.400 || 0 0 0 0 | 0.00 
Lake (lm)	2 4 9 -.222 || 2 2 1 1 | 1.83 
Kyle D. (kd)	0 0 0 .000 || 0 0 0 0 | 0.00 
Gino (gg)	5 3 11 .182 || 3 3 1 1 | 2.00 
Cam (cb)	2 1 2 0 | 2.00  || 1
Cody H. (ch)	3 2 0 0 | 2.60  || 1
Santos (js)	4 1 0 0 | 2.80  || 3
Cody C. (cc)	2 2 0 1 | 2.00  || 1
Howard (jh)	3 3 9 .000 || 0 0 0 0.0
Fort (jf)	2 0 5 .400 || 0 3 0 1.5
Ray (rc)	4 0 6 .667 || 0 2 0 1.0
Shad (sh)	8 || 4 || 0 1 0 0.5
Shane (cs)	0 0 0 .000 || 0 0 0 0.0
Landel (cj)	0 0 0 .000 || 0 0 0 0 | 0.00 
Mauro (cm)	0 0 0 .000 || 0 0 0 0 | 0.00 

K/E/TA/K%: 17/14/47/.064
Receive(3/2/1/0/avg): 16/11/4/3/2.18
BS/BA/BE/TB: 0/11/0/5.5
SA/3/2/1/SE: 3/4/11/16/3/1.68
Assists: 17
Digs: 12
Total Points: 25.5
Total Errors: 17

Micky	0 0 0 .000 || 0 0 0 0 | 0.00  || 0 1 0 0.5 || 0 0 1 1 0 | 1.50 || 1 || 6 || 0.5 || 0
Manley	1 3 5 -.400 || 0 0 0 0 | 0.00  || 0 1 0 0.5 || 0 0 2 1 0 | 1.67 || 0 || 0 || 1.5 || 3
Lake	2 4 9 -.222 || 2 2 1 1 | 1.83  || 0 3 0 1.5 || 0 0 0 0 0 | 0.00 || 0 || 0 || 3.5 || 4
Kyle D.	0 0 0 .000 || 0 0 0 0 | 0.00  || 0 0 0 0.0 || 0 0 0 0 0 | 0.00 || 0 || 0 || 0.0 || 0
Gino	5 3 11 .182 || 3 3 1 1 | 2.00  || 0 0 0 0.0 || 0 0 0 0 0 | 0.00 || 1 || 0 || 5.0 || 3
Cam		0 0 0 .000 || 2 1 2 0 | 2.00  || 0 0 0 0.0 || 1 1 3 3 1 | 1.78 || 1 || 1 || 1.0 || 1
Cody H.	0 0 0 .000 || 3 2 0 0 | 2.60  || 0 0 0 0.0 || 1 0 0 3 1 | 1.40 || 1 || 1 || 1.0 || 1
Santos	0 0 0 .000 || 4 1 0 0 | 2.80  || 0 0 0 0.0 || 0 1 1 2 0 | 1.75 || 3 || 0 || 0.0 || 0
Cody C.	0 0 0 .000 || 2 2 0 1 | 2.00  || 0 0 0 0.0 || 0 1 2 5 0 | 1.50 || 1 || 0 || 0.0 || 0
Howard	3 3 9 .000 || 0 0 0 0 | 0.00  || 0 0 0 0.0 || 1 1 2 0 0 | 2.75 || 0 || 0 || 4.0 || 3
Fort	2 0 5 .400 || 0 0 0 0 | 0.00  || 0 3 0 1.5 || 0 0 0 0 0 | 0.00 || 0 || 1 || 3.5 || 0
Ray		4 0 6 .667 || 0 0 0 0 | 0.00  || 0 2 0 1.0 || 0 0 0 0 0 | 0.00 || 0 || 0 || 5.0 || 0
Shad	0 1 2 -.500 || 0 0 0 0 | 0.00  || 0 1 0 0.5 || 0 0 0 1 1 | 0.50 || 4 || 8 || 0.5 || 2
Shane	0 0 0 .000 || 0 0 0 0 | 0.00  || 0 0 0 0.0 || 0 0 0 0 0 | 0.00 || 0 || 0 || 0.0 || 0
Landel	0 0 0 .000 || 0 0 0 0 | 0.00  || 0 0 0 0.0 || 0 0 0 0 0 | 0.00 || 0 || 0 || 0.0 || 0
Mauro	0 0 0 .000 || 0 0 0 0 | 0.00  || 0 0 0 0.0 || 0 0 0 0 0 | 0.00 || 0 || 0 || 0.0 || 0
K/E/TA/K%: 17/14/47/.064
Receive(3/2/1/0/avg): 16/11/4/3/2.18
BS/BA/BE/TB: 0/11/0/5.5
SA/3/2/1/SE/avg: 3/4/11/16/3/1.68
Assists: 17
Digs: 12
Total Points: 25.5
Total Errors: 17

