Here are the abbreviated stats:
Name, (nickname)
S: A || D || BS/BA/BE/BT 
OH: K/E/TA/K% || 3/2/1/0/Avg
MB: K/E/TA/K% || BS/BA/BT
L: 3/2/1/0/Avg || D
Micky (mc)	8 || 0 || 0 2 0 1.0
Manley (ma)	1 3 6 -.333 || 3 1 3 0 | 2.00 
Lake (lm)	4 2 8 .250 || 2 2 0 0 | 2.50 
Kyle D. (kd)	1 0 2 .500 || 1 0 0 1 | 1.50 
Gino (gg)	1 0 3 .333 || 9 2 0 3 | 2.21 
Cam (cb)	2 1 1 0 | 2.25  || 1
Cody H. (ch)	3 0 0 0 | 3.00  || 2
Santos (js)	2 0 0 0 | 3.00  || 2
Cody C. (cc)	0 0 0 0 | 0.00  || 0
Howard (jh)	3 2 9 .111 || 0 0 0 0.0
Fort (jf)	1 1 5 .000 || 0 0 0 0.0
Ray (rc)	5 0 7 .714 || 0 4 0 2.0
Shad (sh)	9 || 0 || 0 0 0 0.0
Shane (cs)	0 0 0 .000 || 0 0 0 0.0
Landel (cj)	0 0 0 .000 || 0 0 0 0 | 0.00 
Mauro (cm)	3 1 7 .286 || 0 0 0 0 | 0.00 

K/E/TA/K%: 20/9/49/.224
Receive(3/2/1/0/avg): 22/6/5/5/2.18
BS/BA/BE/TB: 0/8/0/4.0
SA/3/2/1/SE: 5/5/6/22/3/1.68
Assists: 18
Digs: 17
Total Points: 29.0
Total Errors: 12

Micky	1 0 1 1.000 || 0 0 0 0 | 0.00  || 0 2 0 1.0 || 0 0 1 1 0 | 1.50 || 0 || 8 || 2.0 || 0
Manley	1 3 6 -.333 || 3 1 3 0 | 2.00  || 0 2 0 1.0 || 0 0 0 0 0 | 0.00 || 1 || 0 || 2.0 || 3
Lake	4 2 8 .250 || 2 2 0 0 | 2.50  || 0 0 0 0.0 || 0 0 0 1 1 | 0.50 || 3 || 0 || 4.0 || 3
Kyle D.	1 0 2 .500 || 1 0 0 1 | 1.50  || 0 0 0 0.0 || 0 0 0 0 0 | 0.00 || 0 || 0 || 1.0 || 0
Gino	1 0 3 .333 || 9 2 0 3 | 2.21  || 0 0 0 0.0 || 0 3 1 0 1 | 2.20 || 2 || 0 || 1.0 || 1
Cam		0 0 0 .000 || 2 1 1 0 | 2.25  || 0 0 0 0.0 || 0 0 0 0 0 | 0.00 || 1 || 0 || 0.0 || 0
Cody H.	0 0 1 .000 || 3 0 0 0 | 3.00  || 0 0 0 0.0 || 1 1 2 3 0 | 2.00 || 2 || 1 || 1.0 || 0
Santos	0 0 0 .000 || 2 0 0 0 | 3.00  || 0 0 0 0.0 || 2 0 1 3 0 | 2.17 || 2 || 0 || 2.0 || 0
Cody C.	0 0 0 .000 || 0 0 0 0 | 0.00  || 0 0 0 0.0 || 0 0 0 4 0 | 1.00 || 0 || 0 || 0.0 || 0
Howard	3 2 9 .111 || 0 0 1 0 | 1.00  || 0 0 0 0.0 || 0 0 0 2 1 | 0.67 || 2 || 0 || 3.0 || 3
Fort	1 1 5 .000 || 0 0 0 1 | 0.00  || 0 0 0 0.0 || 0 0 0 0 0 | 0.00 || 0 || 0 || 1.0 || 1
Ray		5 0 7 .714 || 0 0 0 0 | 0.00  || 0 4 0 2.0 || 0 0 0 0 0 | 0.00 || 1 || 0 || 7.0 || 0
Shad	0 0 0 .000 || 0 0 0 0 | 0.00  || 0 0 0 0.0 || 1 1 0 2 0 | 2.25 || 0 || 9 || 1.0 || 0
Shane	0 0 0 .000 || 0 0 0 0 | 0.00  || 0 0 0 0.0 || 0 0 0 0 0 | 0.00 || 0 || 0 || 0.0 || 0
Landel	0 0 0 .000 || 0 0 0 0 | 0.00  || 0 0 0 0.0 || 0 0 0 0 0 | 0.00 || 0 || 0 || 0.0 || 0
Mauro	3 1 7 .286 || 0 0 0 0 | 0.00  || 0 0 0 0.0 || 1 0 1 6 0 | 1.50 || 3 || 0 || 4.0 || 1
K/E/TA/K%: 20/9/49/.224
Receive(3/2/1/0/avg): 22/6/5/5/2.18
BS/BA/BE/TB: 0/8/0/4.0
SA/3/2/1/SE/avg: 5/5/6/22/3/1.68
Assists: 18
Digs: 17
Total Points: 29.0
Total Errors: 12

