Here are the abbreviated stats:
Name, (nickname)
S: A || D || BS/BA/BE/BT 
OH: K/E/TA/K% || 3/2/1/0/Avg
MB: K/E/TA/K% || BS/BA/BT
L: 3/2/1/0/Avg || D
Micky (mc)	4 || 1 || 0 0 0 0.0
Manley (ma)	1 3 6 -.333 || 0 0 0 0 | 0.00 
Lake (lm)	2 1 4 .250 || 2 2 0 0 | 2.50 
Kyle D. (kd)	3 0 8 .375 || 1 1 0 0 | 2.50 
Gino (gg)	0 0 0 .000 || 0 0 0 0 | 0.00 
Cam (cb)	1 1 0 0 | 2.50  || 4
Cody H. (ch)	0 0 0 0 | 0.00  || 2
Santos (js)	0 0 0 0 | 0.00  || 0
Cody C. (cc)	0 0 0 0 | 0.00  || 0
Howard (jh)	2 1 8 .125 || 0 0 0 0.0
Fort (jf)	2 0 3 .667 || 0 2 0 1.0
Ray (rc)	0 0 0 .000 || 0 0 0 0.0
Lutz (kl)	0 0 0 .000 || 0 0 0 0.0
Shad (sh)	0 || 1 || 0 2 0 1.0
Kittle (ek)	8 || 2 || 0 0 0 0.0
Shane (cs)	0 0 0 .000 || 0 0 0 0.0

K/E/TA/K%: 14/5/37/.243
Receive(3/2/1/0/avg): 4/4/0/1/2.22
BS/BA/BE/TB: 0/4/1/2.0
SA/3/2/1/SE: 1/0/4/4/3/1.33
Assists: 14
Digs: 14
Total Points: 17.0
Total Errors: 9

Micky	0 0 0 .000 || 0 0 0 0 | 0.00  || 0 0 0 0.0 || 0 0 0 0 0 | 0.00 || 1 || 4 || 0.0 || 0
Manley	1 3 6 -.333 || 0 0 0 0 | 0.00  || 0 0 0 0.0 || 0 0 1 0 0 | 2.00 || 1 || 0 || 1.0 || 3
Lake	2 1 4 .250 || 2 2 0 0 | 2.50  || 0 0 1 0.0 || 0 0 0 0 0 | 0.00 || 1 || 0 || 2.0 || 2
Kyle D.	3 0 8 .375 || 1 1 0 0 | 2.50  || 0 0 0 0.0 || 0 0 0 0 0 | 0.00 || 0 || 0 || 3.0 || 0
Gino	0 0 0 .000 || 0 0 0 0 | 0.00  || 0 0 0 0.0 || 0 0 1 2 0 | 1.33 || 1 || 0 || 0.0 || 0
Cam		0 0 0 .000 || 1 1 0 0 | 2.50  || 0 0 0 0.0 || 0 0 0 1 0 | 1.00 || 4 || 1 || 0.0 || 0
Cody H.	0 0 0 .000 || 0 0 0 0 | 0.00  || 0 0 0 0.0 || 0 0 0 0 0 | 0.00 || 2 || 1 || 0.0 || 0
Santos	0 0 0 .000 || 0 0 0 0 | 0.00  || 0 0 0 0.0 || 0 0 0 0 0 | 0.00 || 0 || 0 || 0.0 || 0
Cody C.	0 0 0 .000 || 0 0 0 0 | 0.00  || 0 0 0 0.0 || 0 0 0 1 1 | 0.50 || 0 || 0 || 0.0 || 1
Howard	2 1 8 .125 || 0 0 0 0 | 0.00  || 0 0 0 0.0 || 1 0 0 0 1 | 2.00 || 0 || 0 || 3.0 || 2
Fort	2 0 3 .667 || 0 0 0 0 | 0.00  || 0 2 0 1.0 || 0 0 0 0 0 | 0.00 || 1 || 0 || 3.0 || 0
Ray		0 0 0 .000 || 0 0 0 0 | 0.00  || 0 0 0 0.0 || 0 0 0 0 0 | 0.00 || 0 || 0 || 0.0 || 0
Lutz	0 0 0 .000 || 0 0 0 0 | 0.00  || 0 0 0 0.0 || 0 0 0 0 0 | 0.00 || 0 || 0 || 0.0 || 0
Shad	4 0 8 .500 || 0 0 0 1 | 0.00  || 0 2 0 1.0 || 0 0 0 0 0 | 0.00 || 1 || 0 || 5.0 || 0
Kittle	0 0 0 .000 || 0 0 0 0 | 0.00  || 0 0 0 0.0 || 0 0 2 0 1 | 1.33 || 2 || 8 || 0.0 || 1
Shane	0 0 0 .000 || 0 0 0 0 | 0.00  || 0 0 0 0.0 || 0 0 0 0 0 | 0.00 || 0 || 0 || 0.0 || 0
K/E/TA/K%: 14/5/37/.243
Receive(3/2/1/0/avg): 4/4/0/1/2.22
BS/BA/BE/TB: 0/4/1/2.0
SA/3/2/1/SE/avg: 1/0/4/4/3/1.33
Assists: 14
Digs: 14
Total Points: 17.0
Total Errors: 9

