Here are the abbreviated stats:
Name, (nickname)
S: A || D || BS/BA/BT 
OH: K/E/TA/K% || 3/2/1/0/Avg
MB: K/E/TA/K% || BS/BA/BT
L: 3/2/1/0/Avg || D
Micky (mc)	0 || 0 || 0 0 0 0.0
Manley (ma)	0 0 0 .000 || 0 0 0 0 | 0.00 
Lake (lm)	3 3 14 .000 || 1 1 0 1 | 1.67 
Kyle D. (kd)	5 3 13 .154 || 2 0 1 0 | 2.33 
Gino (gg)	10 7 28 .107 || 0 1 0 0 | 2.00 
Cam (cb)	4 2 0 0 | 2.67  || 0
Cody H. (ch)	3 5 0 1 | 2.11  || 0
Santos (js)	1 3 0 3 | 1.29  || 0
Cody C. (cc)	0 0 0 0 | 0.00  || 0
Howard (jh)	6 3 11 .273 || 0 3 1 1.5
Fort (jf)	4 1 10 .300 || 0 4 0 2.0
Ray (rc)	8 1 12 .583 || 1 1 0 1.5
Lutz (kl)	0 0 0 .000 || 0 0 0 0.0
Shad (sh)	16 || 0 || 0 0 0 0.0
Kittle (ek)	17 || 0 || 0 1 0 0.5
Shane (cs)	0 2 9 -.222 || 0 0 0 0.0

K/E/TA/K%: 38/20/104/.173
Receive(3/2/1/0/avg): 11/12/1/5/2.00
BS/BA/BE/TB: 1/10/1/6.0
SA/3/2/1/SE: 5/1/12/11/5/1.71
Assists: 37
Digs: 1
Total Points: 49.0
Total Errors: 26

Micky	0 0 0 .000 || 0 0 0 0 | 0.00  || 0 0 0 0.0 || 0 0 0 0 0 | 0.00 || 0 || 0 || 0.0 || 0
Manley	0 0 0 .000 || 0 0 0 0 | 0.00  || 0 0 0 0.0 || 0 0 0 0 0 | 0.00 || 0 || 0 || 0.0 || 0
Lake	3 3 14 .000 || 1 1 0 1 | 1.67  || 0 0 0 0.0 || 0 0 1 0 1 | 1.00 || 0 || 1 || 3.0 || 4
Kyle D.	5 3 13 .154 || 2 0 1 0 | 2.33  || 0 1 0 0.5 || 0 0 1 3 0 | 1.25 || 0 || 0 || 5.5 || 3
Gino	10 7 28 .107 || 0 1 0 0 | 2.00  || 0 0 0 0.0 || 0 0 0 0 0 | 0.00 || 1 || 0 || 10.0 || 7
Cam		0 0 0 .000 || 4 2 0 0 | 2.67  || 0 0 0 0.0 || 0 0 2 0 0 | 2.00 || 0 || 1 || 0.0 || 0
Cody H.	0 0 0 .000 || 3 5 0 1 | 2.11  || 0 0 0 0.0 || 0 0 2 3 0 | 1.40 || 0 || 1 || 0.0 || 0
Santos	0 0 0 .000 || 1 3 0 3 | 1.29  || 0 0 0 0.0 || 1 1 0 2 0 | 2.25 || 0 || 0 || 1.0 || 0
Cody C.	0 0 0 .000 || 0 0 0 0 | 0.00  || 0 0 0 0.0 || 1 0 1 0 2 | 1.50 || 0 || 0 || 1.0 || 2
Howard	6 3 11 .273 || 0 0 0 0 | 0.00  || 0 3 1 1.5 || 2 0 2 1 1 | 2.17 || 0 || 0 || 9.5 || 5
Fort	4 1 10 .300 || 0 0 0 0 | 0.00  || 0 4 0 2.0 || 0 0 0 0 0 | 0.00 || 0 || 0 || 6.0 || 1
Ray		8 1 12 .583 || 0 0 0 0 | 0.00  || 1 1 0 1.5 || 0 0 0 0 0 | 0.00 || 0 || 0 || 9.5 || 1
Lutz	0 0 0 .000 || 0 0 0 0 | 0.00  || 0 0 0 0.0 || 0 0 0 0 0 | 0.00 || 0 || 0 || 0.0 || 0
Shad	1 0 4 .250 || 0 0 0 0 | 0.00  || 0 0 0 0.0 || 1 0 2 0 0 | 2.67 || 0 || 16 || 2.0 || 0
Kittle	1 0 3 .333 || 0 0 0 0 | 0.00  || 0 1 0 0.5 || 0 0 0 1 1 | 0.50 || 0 || 17 || 1.5 || 1
Shane	0 2 9 -.222 || 0 0 0 0 | 0.00  || 0 0 0 0.0 || 0 0 1 1 0 | 1.50 || 0 || 1 || 0.0 || 2
K/E/TA/K%: 38/20/104/.173
Receive(3/2/1/0/avg): 11/12/1/5/2.00
BS/BA/BE/TB: 1/10/1/6.0
SA/3/2/1/SE/avg: 5/1/12/11/5/1.71
Assists: 37
Digs: 1
Total Points: 49.0
Total Errors: 26

