Here are the abbreviated stats:
Name, (nickname)
S: A || D || BS/BA/BE/BT 
OH: K/E/TA/K% || 3/2/1/0/Avg
MB: K/E/TA/K% || BS/BA/BT
L: 3/2/1/0/Avg || D
Micky (mc)	7 || 0 || 0 1 0 0.5
Manley (ma)	0 2 4 -.500 || 3 2 0 1 | 2.17 
Lake (lm)	1 1 5 .000 || 0 1 1 0 | 1.50 
Kyle D. (kd)	2 0 3 .667 || 2 0 0 0 | 3.00 
Gino (gg)	2 1 3 .333 || 6 1 0 0 | 2.86 
Cam (cb)	1 1 1 0 | 2.00  || 1
Cody H. (ch)	2 1 1 0 | 2.25  || 3
Santos (js)	0 0 0 0 | 0.00  || 0
Cody C. (cc)	0 0 1 0 | 1.00  || 0
Howard (jh)	4 3 12 .083 || 0 0 0 0.0
Fort (jf)	1 1 5 .000 || 0 1 0 0.5
Ray (rc)	2 1 6 .167 || 0 2 0 1.0
Shad (sh)	3 || 0 || 0 0 0 0.0
Shane (cs)	0 0 0 .000 || 0 0 0 0.0
Landel (cj)	1 0 3 .333 || 0 0 0 0 | 0.00 

K/E/TA/K%: 13/9/41/.098
Receive(3/2/1/0/avg): 14/6/4/1/2.32
BS/BA/BE/TB: 0/6/0/3.0
SA/3/2/1/SE: 1/4/6/14/6/1.35
Assists: 12
Digs: 15
Total Points: 17.0
Total Errors: 15

Micky	0 0 0 .000 || 0 0 0 0 | 0.00  || 0 1 0 0.5 || 0 0 0 1 1 | 0.50 || 0 || 7 || 0.5 || 1
Manley	0 2 4 -.500 || 3 2 0 1 | 2.17  || 0 2 0 1.0 || 0 0 0 1 0 | 1.00 || 1 || 0 || 1.0 || 2
Lake	1 1 5 .000 || 0 1 1 0 | 1.50  || 0 0 0 0.0 || 0 1 2 3 1 | 1.43 || 1 || 0 || 1.0 || 2
Kyle D.	2 0 3 .667 || 2 0 0 0 | 3.00  || 0 0 0 0.0 || 0 0 1 0 0 | 2.00 || 2 || 1 || 2.0 || 0
Gino	2 1 3 .333 || 6 1 0 0 | 2.86  || 0 0 0 0.0 || 0 1 1 1 2 | 1.20 || 2 || 0 || 2.0 || 3
Cam		0 0 0 .000 || 1 1 1 0 | 2.00  || 0 0 0 0.0 || 0 1 0 0 0 | 3.00 || 1 || 1 || 0.0 || 0
Cody H.	0 0 0 .000 || 2 1 1 0 | 2.25  || 0 0 0 0.0 || 0 1 2 1 0 | 2.00 || 3 || 0 || 0.0 || 0
Santos	0 0 0 .000 || 0 0 0 0 | 0.00  || 0 0 0 0.0 || 0 0 0 2 0 | 1.00 || 0 || 0 || 0.0 || 0
Cody C.	0 0 0 .000 || 0 0 1 0 | 1.00  || 0 0 0 0.0 || 0 0 0 1 1 | 0.50 || 0 || 0 || 0.0 || 1
Howard	4 3 12 .083 || 0 0 0 0 | 0.00  || 0 0 0 0.0 || 1 0 0 0 1 | 2.00 || 0 || 0 || 5.0 || 4
Fort	1 1 5 .000 || 0 0 0 0 | 0.00  || 0 1 0 0.5 || 0 0 0 0 0 | 0.00 || 0 || 0 || 1.5 || 1
Ray		2 1 6 .167 || 0 0 0 0 | 0.00  || 0 2 0 1.0 || 0 0 0 0 0 | 0.00 || 0 || 0 || 3.0 || 1
Shad	0 0 0 .000 || 0 0 0 0 | 0.00  || 0 0 0 0.0 || 0 0 0 2 0 | 1.00 || 0 || 3 || 0.0 || 0
Shane	0 0 0 .000 || 0 0 0 0 | 0.00  || 0 0 0 0.0 || 0 0 0 0 0 | 0.00 || 0 || 0 || 0.0 || 0
Landel	1 0 3 .333 || 0 0 0 0 | 0.00  || 0 0 0 0.0 || 0 0 0 2 0 | 1.00 || 5 || 0 || 1.0 || 0
K/E/TA/K%: 13/9/41/.098
Receive(3/2/1/0/avg): 14/6/4/1/2.32
BS/BA/BE/TB: 0/6/0/3.0
SA/3/2/1/SE/avg: 1/4/6/14/6/1.35
Assists: 12
Digs: 15
Total Points: 17.0
Total Errors: 15

