Here are the abbreviated stats:
Name, (nickname)
S: A || D || BS/BA/BE/BT 
OH: K/E/TA/K% || 3/2/1/0/Avg
MB: K/E/TA/K% || BS/BA/BT
L: 3/2/1/0/Avg || D
Micky (mc)	7 || 0 || 0 0 0 0.0
Shad (sh)	5 || 0 || 0 0 0 0.0
Manley (ma)	0 0 4 .000 || 1 0 0 0 | 3.00 
Lake (lm)	1 1 3 .000 || 0 2 0 0 | 2.00 
Kyle D. (kd)	3 0 5 .600 || 3 4 1 0 | 2.25 
Gino (gg)	1 0 1 1.000 || 3 2 3 3 | 1.45 
Howard (jh)	2 1 6 .167 || 0 0 0 0.0
Fort (jf)	3 1 4 .500 || 0 0 0 0.0
Ray (rc)	6 1 9 .556 || 0 1 0 0.5
Cam (cb)	1 0 0 0 | 3.00  || 2
Cody H. (ch)	0 1 0 0 | 2.00  || 1
Santos (js)	0 0 0 0 | 0.00  || 0
Cody C. (cc)	0 0 0 0 | 0.00  || 0
Landel (cj)	1 0 2 .500 || 0 0 0 0 | 0.00 

K/E/TA/K%: 17/4/35/.371
Receive(3/2/1/0/avg): 8/9/4/3/1.92
BS/BA/BE/TB: 0/2/0/1.0
SA/3/2/1/SE: 3/4/9/8/6/1.67
Digs: 13
Assists: 13
Ball Handling Errors: 0
Total Points: 21.0
Total Errors: 10

Micky	0 0 0 .000 || 0 0 0 0 | 0.00  || 0 0 0 0.0 || 0 0 1 2 1 | 1.00 || 0 || 7 || 0 || 0.0 || 1
Shad	0 0 1 .000 || 0 0 0 0 | 0.00  || 0 0 0 0.0 || 1 2 1 0 1 | 2.40 || 0 || 5 || 0 || 1.0 || 1
Manley	0 0 4 .000 || 1 0 0 0 | 3.00  || 0 0 0 0.0 || 0 0 0 1 0 | 1.00 || 2 || 0 || 0 || 0.0 || 0
Lake	1 1 3 .000 || 0 2 0 0 | 2.00  || 0 0 0 0.0 || 0 0 0 2 0 | 1.00 || 2 || 1 || 0 || 1.0 || 1
Kyle D.	3 0 5 .600 || 3 4 1 0 | 2.25  || 0 0 0 0.0 || 0 0 0 1 0 | 1.00 || 2 || 0 || 0 || 3.0 || 0
Gino	1 0 1 1.000 || 3 2 3 3 | 1.45  || 0 1 0 0.5 || 0 0 1 1 0 | 1.50 || 2 || 0 || 0 || 1.5 || 0
Howard	2 1 6 .167 || 0 0 0 0 | 0.00  || 0 0 0 0.0 || 2 0 2 0 1 | 2.40 || 1 || 0 || 0 || 4.0 || 2
Fort	3 1 4 .500 || 0 0 0 0 | 0.00  || 0 0 0 0.0 || 0 0 0 0 0 | 0.00 || 0 || 0 || 0 || 3.0 || 1
Ray		6 1 9 .556 || 0 0 0 0 | 0.00  || 0 1 0 0.5 || 0 0 0 0 0 | 0.00 || 0 || 0 || 0 || 6.5 || 1
Cam		0 0 0 .000 || 1 0 0 0 | 3.00  || 0 0 0 0.0 || 0 0 0 0 0 | 0.00 || 2 || 0 || 0 || 0.0 || 0
Cody H.	0 0 0 .000 || 0 1 0 0 | 2.00  || 0 0 0 0.0 || 0 0 0 0 0 | 0.00 || 1 || 0 || 0 || 0.0 || 0
Santos	0 0 0 .000 || 0 0 0 0 | 0.00  || 0 0 0 0.0 || 0 0 0 0 0 | 0.00 || 0 || 0 || 0 || 0.0 || 0
Cody C.	0 0 0 .000 || 0 0 0 0 | 0.00  || 0 0 0 0.0 || 0 1 4 1 2 | 1.50 || 0 || 0 || 0 || 0.0 || 2
Landel	1 0 2 .500 || 0 0 0 0 | 0.00  || 0 0 0 0.0 || 0 1 0 0 1 | 1.50 || 1 || 0 || 0 || 1.0 || 1
K/E/TA/K%: 17/4/35/.371
Receive(3/2/1/0/avg): 8/9/4/3/1.92
BS/BA/BE/TB: 0/2/0/1.0
SA/3/2/1/SE/avg: 3/4/9/8/6/1.67
Digs: 13
Assists: 13
Ball Handling Errors: 0
Total Points: 21.0
Total Errors: 10

