Here are the abbreviated stats:
Name, (nickname)
S: A || D || BS/BA/BE/BT 
OH: K/E/TA/K% || 3/2/1/0/Avg
MB: K/E/TA/K% || BS/BA/BT
L: 3/2/1/0/Avg || D
Micky (mc)	4 || 4 || 0 0 0 0.0
Manley (ma)	0 1 1 -1.000 || 1 2 0 0 | 2.33 
Lake (lm)	3 3 11 .000 || 2 2 0 1 | 2.00 
Kyle D. (kd)	0 0 2 .000 || 0 0 0 0 | 0.00 
Gino (gg)	2 0 4 .500 || 1 1 0 2 | 1.25 
Cam (cb)	0 0 1 0 | 1.00  || 1
Cody H. (ch)	0 0 0 0 | 0.00  || 0
Santos (js)	1 0 0 1 | 1.50  || 5
Cody C. (cc)	4 0 0 0 | 3.00  || 2
Howard (jh)	2 1 9 .111 || 0 0 0 0.0
Fort (jf)	1 0 5 .200 || 0 0 0 0.0
Ray (rc)	2 0 5 .400 || 0 0 0 0.0
Shad (sh)	4 || 1 || 0 0 0 0.0
Shane (cs)	0 0 0 .000 || 0 0 0 0.0
Landel (cj)	0 1 1 -1.000 || 0 0 0 0 | 0.00 

K/E/TA/K%: 10/6/39/.103
Receive(3/2/1/0/avg): 9/5/1/4/2.00
BS/BA/BE/TB: 0/0/0/0.0
SA/3/2/1/SE: 4/1/5/9/2/1.81
Assists: 10
Digs: 19
Total Points: 14.0
Total Errors: 8

Micky	0 0 0 .000 || 0 0 0 0 | 0.00  || 0 0 0 0.0 || 0 1 1 1 0 | 2.00 || 4 || 4 || 0.0 || 0
Manley	0 1 1 -1.000 || 1 2 0 0 | 2.33  || 0 0 0 0.0 || 0 0 0 0 0 | 0.00 || 0 || 0 || 0.0 || 1
Lake	3 3 11 .000 || 2 2 0 1 | 2.00  || 0 0 0 0.0 || 0 0 0 0 0 | 0.00 || 1 || 0 || 3.0 || 3
Kyle D.	0 0 2 .000 || 0 0 0 0 | 0.00  || 0 0 0 0.0 || 0 0 0 0 0 | 0.00 || 0 || 0 || 0.0 || 0
Gino	2 0 4 .500 || 1 1 0 2 | 1.25  || 0 0 0 0.0 || 2 0 3 3 1 | 1.89 || 0 || 0 || 4.0 || 1
Cam		0 0 0 .000 || 0 0 1 0 | 1.00  || 0 0 0 0.0 || 0 0 0 0 0 | 0.00 || 1 || 0 || 0.0 || 0
Cody H.	0 0 0 .000 || 0 0 0 0 | 0.00  || 0 0 0 0.0 || 0 0 0 0 0 | 0.00 || 0 || 1 || 0.0 || 0
Santos	0 0 0 .000 || 1 0 0 1 | 1.50  || 0 0 0 0.0 || 2 0 1 5 1 | 1.67 || 5 || 1 || 2.0 || 1
Cody C.	0 0 0 .000 || 4 0 0 0 | 3.00  || 0 0 0 0.0 || 0 0 0 0 0 | 0.00 || 2 || 0 || 0.0 || 0
Howard	2 1 9 .111 || 0 0 0 0 | 0.00  || 0 0 0 0.0 || 0 0 0 0 0 | 0.00 || 0 || 0 || 2.0 || 1
Fort	1 0 5 .200 || 0 0 0 0 | 0.00  || 0 0 0 0.0 || 0 0 0 0 0 | 0.00 || 1 || 0 || 1.0 || 0
Ray		2 0 5 .400 || 0 0 0 0 | 0.00  || 0 0 0 0.0 || 0 0 0 0 0 | 0.00 || 0 || 0 || 2.0 || 0
Shad	0 0 1 .000 || 0 0 0 0 | 0.00  || 0 0 0 0.0 || 0 0 0 0 0 | 0.00 || 1 || 4 || 0.0 || 0
Shane	0 0 0 .000 || 0 0 0 0 | 0.00  || 0 0 0 0.0 || 0 0 0 0 0 | 0.00 || 0 || 0 || 0.0 || 0
Landel	0 1 1 -1.000 || 0 0 0 0 | 0.00  || 0 0 0 0.0 || 0 0 0 0 0 | 0.00 || 4 || 0 || 0.0 || 1
K/E/TA/K%: 10/6/39/.103
Receive(3/2/1/0/avg): 9/5/1/4/2.00
BS/BA/BE/TB: 0/0/0/0.0
SA/3/2/1/SE/avg: 4/1/5/9/2/1.81
Assists: 10
Digs: 19
Total Points: 14.0
Total Errors: 8

