Here are the abbreviated stats:
Name, (nickname)
S: A || D || BS/BA/BE/BT 
OH: K/E/TA/K% || 3/2/1/0/Avg
MB: K/E/TA/K% || BS/BA/BT
L: 3/2/1/0/Avg || D
Micky (mc)	22 || 1 || 1 0 1 1.0
Manley (ma)	2 2 8 .000 || 1 1 2 1 | 1.40 
Lake (lm)	10 6 24 .167 || 6 4 2 0 | 2.33 
Kyle D. (kd)	2 1 11 .091 || 6 5 4 3 | 1.78 
Gino (gg)	1 2 7 -.143 || 9 7 1 3 | 2.10 
Cam (cb)	3 2 1 0 | 2.33  || 3
Cody H. (ch)	4 1 1 2 | 1.88  || 7
Santos (js)	0 0 0 0 | 0.00  || 0
Cody C. (cc)	0 0 0 0 | 0.00  || 1
Howard (jh)	8 6 22 .091 || 0 1 0 0.5
Fort (jf)	3 2 6 .167 || 1 1 0 1.5
Ray (rc)	3 2 10 .100 || 0 5 0 2.5
Shad (sh)	7 || 2 || 0 2 0 1.0
Shane (cs)	0 0 0 .000 || 0 0 0 0.0
Landel (cj)	3 0 6 .500 || 0 0 0 0 | 0.00 
Mauro (cm)	0 0 0 .000 || 0 0 0 0 | 0.00 

K/E/TA/K%: 33/23/98/.102
Receive(3/2/1/0/avg): 29/20/11/9/2.00
BS/BA/BE/TB: 2/13/1/8.5
SA/3/2/1/SE: 9/11/20/29/17/1.60
Assists: 33
Digs: 39
Total Points: 50.5
Total Errors: 41

Micky	1 2 3 -.333 || 0 0 0 0 | 0.00  || 1 0 1 1.0 || 1 2 2 1 1 | 2.14 || 1 || 22 || 3.0 || 4
Manley	2 2 8 .000 || 1 1 2 1 | 1.40  || 0 3 0 1.5 || 1 0 1 6 2 | 1.20 || 4 || 0 || 4.5 || 4
Lake	10 6 24 .167 || 6 4 2 0 | 2.33  || 0 0 0 0.0 || 2 2 1 4 2 | 1.82 || 2 || 0 || 12.0 || 8
Kyle D.	2 1 11 .091 || 6 5 4 3 | 1.78  || 0 0 0 0.0 || 1 0 3 1 2 | 1.57 || 2 || 1 || 3.0 || 3
Gino	1 2 7 -.143 || 9 7 1 3 | 2.10  || 0 0 0 0.0 || 1 0 1 1 0 | 2.33 || 5 || 1 || 2.0 || 2
Cam		0 0 0 .000 || 3 2 1 0 | 2.33  || 0 0 0 0.0 || 0 0 0 0 0 | 0.00 || 3 || 0 || 0.0 || 0
Cody H.	0 0 0 .000 || 4 1 1 2 | 1.88  || 0 0 0 0.0 || 0 0 0 0 0 | 0.00 || 7 || 1 || 0.0 || 0
Santos	0 0 0 .000 || 0 0 0 0 | 0.00  || 0 0 0 0.0 || 0 0 0 0 0 | 0.00 || 0 || 0 || 0.0 || 0
Cody C.	0 0 0 .000 || 0 0 0 0 | 0.00  || 0 0 0 0.0 || 1 5 4 11 2 | 1.65 || 1 || 0 || 1.0 || 2
Howard	8 6 22 .091 || 0 0 0 0 | 0.00  || 0 1 0 0.5 || 1 1 2 3 8 | 0.93 || 8 || 0 || 9.5 || 14
Fort	3 2 6 .167 || 0 0 0 0 | 0.00  || 1 1 0 1.5 || 0 0 0 0 0 | 0.00 || 1 || 0 || 4.5 || 2
Ray		3 2 10 .100 || 0 0 0 0 | 0.00  || 0 5 0 2.5 || 0 0 0 0 0 | 0.00 || 1 || 0 || 5.5 || 2
Shad	0 0 1 .000 || 0 0 0 0 | 0.00  || 0 2 0 1.0 || 0 0 5 0 0 | 2.00 || 2 || 7 || 1.0 || 0
Shane	0 0 0 .000 || 0 0 0 0 | 0.00  || 0 0 0 0.0 || 0 0 0 0 0 | 0.00 || 0 || 0 || 0.0 || 0
Landel	3 0 6 .500 || 0 0 0 0 | 0.00  || 0 1 0 0.5 || 1 1 1 2 0 | 2.20 || 2 || 1 || 4.5 || 0
Mauro	0 0 0 .000 || 0 0 0 0 | 0.00  || 0 0 0 0.0 || 0 0 0 0 0 | 0.00 || 0 || 0 || 0.0 || 0
K/E/TA/K%: 33/23/98/.102
Receive(3/2/1/0/avg): 29/20/11/9/2.00
BS/BA/BE/TB: 2/13/1/8.5
SA/3/2/1/SE/avg: 9/11/20/29/17/1.60
Assists: 33
Digs: 39
Total Points: 50.5
Total Errors: 41

