Here are the abbreviated stats:
Name, (nickname)
S: A || D || BS/BA/BE/BT 
OH: K/E/TA/K% || 3/2/1/0/Avg
MB: K/E/TA/K% || BS/BA/BT
L: 3/2/1/0/Avg || D
Micky (mc)	7 || 1 || 0 2 0 1.0
Manley (ma)	4 0 10 .400 || 1 0 1 0 | 2.00 
Lake (lm)	3 0 8 .375 || 7 2 0 0 | 2.78 
Kyle D. (kd)	2 1 5 .200 || 2 2 1 1 | 1.83 
Gino (gg)	0 3 4 -.750 || 0 1 1 0 | 1.50 
Cam (cb)	1 0 1 1 | 1.33  || 1
Cody H. (ch)	3 2 0 0 | 2.60  || 5
Santos (js)	1 0 2 0 | 1.67  || 4
Cody C. (cc)	0 0 0 0 | 0.00  || 0
Howard (jh)	2 2 10 .000 || 0 0 0 0.0
Fort (jf)	2 0 5 .400 || 0 0 0 0.0
Ray (rc)	1 1 4 .000 || 0 3 0 1.5
Shad (sh)	6 || 2 || 1 0 0 1.0
Shane (cs)	0 0 0 .000 || 0 0 0 0.0
Landel (cj)	1 3 4 -.500 || 0 0 0 0 | 0.00 
Mauro (cm)	0 0 0 .000 || 0 0 0 0 | 0.00 

K/E/TA/K%: 17/10/53/.132
Receive(3/2/1/0/avg): 15/7/6/2/2.17
BS/BA/BE/TB: 1/7/0/4.5
SA/3/2/1/SE: 2/6/7/15/8/1.45
Assists: 15
Digs: 23
Total Points: 23.5
Total Errors: 18

Micky	2 0 3 .667 || 0 0 0 0 | 0.00  || 0 2 0 1.0 || 0 1 1 0 1 | 1.67 || 1 || 7 || 3.0 || 1
Manley	4 0 10 .400 || 1 0 1 0 | 2.00  || 0 0 0 0.0 || 0 0 0 0 0 | 0.00 || 2 || 0 || 4.0 || 0
Lake	3 0 8 .375 || 7 2 0 0 | 2.78  || 0 2 0 1.0 || 0 0 0 2 0 | 1.00 || 1 || 0 || 4.0 || 0
Kyle D.	2 1 5 .200 || 2 2 1 1 | 1.83  || 0 0 0 0.0 || 0 0 0 1 0 | 1.00 || 3 || 0 || 2.0 || 1
Gino	0 3 4 -.750 || 0 1 1 0 | 1.50  || 0 0 0 0.0 || 2 0 1 0 0 | 3.33 || 0 || 0 || 2.0 || 3
Cam		0 0 0 .000 || 1 0 1 1 | 1.33  || 0 0 0 0.0 || 0 0 0 0 0 | 0.00 || 1 || 0 || 0.0 || 0
Cody H.	0 0 0 .000 || 3 2 0 0 | 2.60  || 0 0 0 0.0 || 0 0 0 2 0 | 1.00 || 5 || 0 || 0.0 || 0
Santos	0 0 0 .000 || 1 0 2 0 | 1.67  || 0 0 0 0.0 || 0 1 1 3 0 | 1.60 || 4 || 0 || 0.0 || 0
Cody C.	0 0 0 .000 || 0 0 0 0 | 0.00  || 0 0 0 0.0 || 0 3 2 2 3 | 1.50 || 0 || 1 || 0.0 || 3
Howard	2 2 10 .000 || 0 0 0 0 | 0.00  || 0 0 0 0.0 || 0 0 0 0 2 | 0.00 || 2 || 0 || 2.0 || 4
Fort	2 0 5 .400 || 0 0 0 0 | 0.00  || 0 0 0 0.0 || 0 0 0 0 0 | 0.00 || 0 || 1 || 2.0 || 0
Ray		1 1 4 .000 || 0 0 0 0 | 0.00  || 0 3 0 1.5 || 0 0 0 0 0 | 0.00 || 0 || 0 || 2.5 || 1
Shad	0 0 0 .000 || 0 0 0 0 | 0.00  || 1 0 0 1.0 || 0 1 2 3 2 | 1.25 || 2 || 6 || 1.0 || 2
Shane	0 0 0 .000 || 0 0 0 0 | 0.00  || 0 0 0 0.0 || 0 0 0 0 0 | 0.00 || 0 || 0 || 0.0 || 0
Landel	1 3 4 -.500 || 0 0 0 0 | 0.00  || 0 0 0 0.0 || 0 0 0 2 0 | 1.00 || 2 || 0 || 1.0 || 3
Mauro	0 0 0 .000 || 0 0 0 0 | 0.00  || 0 0 0 0.0 || 0 0 0 0 0 | 0.00 || 0 || 0 || 0.0 || 0
K/E/TA/K%: 17/10/53/.132
Receive(3/2/1/0/avg): 15/7/6/2/2.17
BS/BA/BE/TB: 1/7/0/4.5
SA/3/2/1/SE/avg: 2/6/7/15/8/1.45
Assists: 15
Digs: 23
Total Points: 23.5
Total Errors: 18

