Here are the abbreviated stats:
Name, (nickname)
S: A || D || BS/BA/BE/BT 
OH: K/E/TA/K% || 3/2/1/0/Avg
MB: K/E/TA/K% || BS/BA/BT
L: 3/2/1/0/Avg || D
Micky (mc)	9 || 0 || 0 0 0 0.0
Shad (sh)	0 || 0 || 0 0 0 0.0
Manley (ma)	0 0 0 .000 || 0 0 0 0 | 0.00 
Lake (lm)	3 3 10 .000 || 0 4 0 0 | 2.00 
Kyle D. (kd)	0 0 0 .000 || 0 0 0 0 | 0.00 
Gino (gg)	1 1 5 .000 || 3 1 1 0 | 2.40 
Howard (jh)	4 1 7 .429 || 0 0 1 0.0
Fort (jf)	0 0 0 .000 || 0 0 0 0.0
Ray (rc)	2 0 4 .500 || 0 0 0 0.0
Cam (cb)	2 3 2 0 | 2.00  || 2
Cody H. (ch)	2 0 0 1 | 2.00  || 2
Santos (js)	0 0 0 0 | 0.00  || 0
Cody C. (cc)	0 0 0 0 | 0.00  || 0

K/E/TA/K%: 10/5/27/.185
Receive(3/2/1/0/avg): 7/8/3/2/2.00
BS/BA/BE/TB: 2/0/1/2.0
SA/3/2/1/SE: 3/2/8/7/0/2.05
Digs: 11
Assists: 9
Ball Handling Errors: 2
Total Points: 15.0
Total Errors: 8

Micky	0 0 1 .000 || 0 0 0 0 | 0.00  || 0 0 0 0.0 || 0 0 1 1 0 | 1.50 || 0 || 9 || 1 || 0.0 || 1
Shad	0 0 0 .000 || 0 0 0 0 | 0.00  || 0 0 0 0.0 || 0 0 0 0 0 | 0.00 || 0 || 0 || 0 || 0.0 || 0
Manley	0 0 0 .000 || 0 0 0 0 | 0.00  || 0 0 0 0.0 || 0 0 0 0 0 | 0.00 || 0 || 0 || 0 || 0.0 || 0
Lake	3 3 10 .000 || 0 4 0 0 | 2.00  || 2 0 0 2.0 || 0 0 2 1 0 | 1.67 || 4 || 0 || 0 || 5.0 || 3
Kyle D.	0 0 0 .000 || 0 0 0 0 | 0.00  || 0 0 0 0.0 || 0 0 2 0 0 | 2.00 || 1 || 0 || 0 || 0.0 || 0
Gino	1 1 5 .000 || 3 1 1 0 | 2.40  || 0 0 0 0.0 || 1 1 0 2 0 | 2.25 || 1 || 0 || 0 || 2.0 || 1
Howard	4 1 7 .429 || 0 0 0 1 | 0.00  || 0 0 1 0.0 || 2 1 2 0 0 | 3.00 || 1 || 0 || 1 || 6.0 || 3
Fort	0 0 0 .000 || 0 0 0 0 | 0.00  || 0 0 0 0.0 || 0 0 1 1 0 | 1.50 || 0 || 0 || 0 || 0.0 || 0
Ray		2 0 4 .500 || 0 0 0 0 | 0.00  || 0 0 0 0.0 || 0 0 0 2 0 | 1.00 || 0 || 0 || 0 || 2.0 || 0
Cam		0 0 0 .000 || 2 3 2 0 | 2.00  || 0 0 0 0.0 || 0 0 0 0 0 | 0.00 || 2 || 0 || 0 || 0.0 || 0
Cody H.	0 0 0 .000 || 2 0 0 1 | 2.00  || 0 0 0 0.0 || 0 0 0 0 0 | 0.00 || 2 || 0 || 0 || 0.0 || 0
Santos	0 0 0 .000 || 0 0 0 0 | 0.00  || 0 0 0 0.0 || 0 0 0 0 0 | 0.00 || 0 || 0 || 0 || 0.0 || 0
Cody C.	0 0 0 .000 || 0 0 0 0 | 0.00  || 0 0 0 0.0 || 0 0 0 0 0 | 0.00 || 0 || 0 || 0 || 0.0 || 0
K/E/TA/K%: 10/5/27/.185
Receive(3/2/1/0/avg): 7/8/3/2/2.00
BS/BA/BE/TB: 2/0/1/2.0
SA/3/2/1/SE/avg: 3/2/8/7/0/2.05
Digs: 11
Assists: 9
Ball Handling Errors: 2
Total Points: 15.0
Total Errors: 8

