Here are the abbreviated stats:
Name, (nickname)
S: A || D || BS/BA/BE/BT 
OH: K/E/TA/K% || 3/2/1/0/Avg
MB: K/E/TA/K% || BS/BA/BT
L: 3/2/1/0/Avg || D
Micky (mc)	15 || 2 || 0 0 0 0.0
Manley (ma)	2 3 7 -.143 || 4 1 0 0 | 2.80 
Lake (lm)	2 1 4 .250 || 4 2 1 0 | 2.43 
Kyle D. (kd)	4 2 11 .182 || 4 2 0 0 | 2.67 
Gino (gg)	3 2 8 .125 || 5 2 3 1 | 2.00 
Cam (cb)	2 0 0 0 | 3.00  || 5
Cody H. (ch)	0 0 0 0 | 0.00  || 1
Santos (js)	1 3 0 1 | 1.80  || 0
Cody C. (cc)	1 0 0 0 | 3.00  || 0
Howard (jh)	7 1 13 .462 || 0 0 0 0.0
Fort (jf)	2 1 9 .111 || 1 1 0 1.5
Ray (rc)	5 1 12 .333 || 0 2 0 1.0
Shad (sh)	12 || 2 || 0 1 0 0.5
Shane (cs)	4 2 7 .286 || 0 1 0 0.5
Landel (cj)	0 0 0 .000 || 0 0 0 0 | 0.00 

K/E/TA/K%: 30/13/73/.233
Receive(3/2/1/0/avg): 21/10/4/2/2.35
BS/BA/BE/TB: 1/6/0/4.0
SA/3/2/1/SE: 2/4/10/21/16/1.15
Assists: 30
Digs: 23
Total Points: 36.0
Total Errors: 29

Micky	1 0 1 1.000 || 0 0 0 0 | 0.00  || 0 0 0 0.0 || 1 0 0 3 2 | 1.17 || 2 || 15 || 2.0 || 2
Manley	2 3 7 -.143 || 4 1 0 0 | 2.80  || 0 0 0 0.0 || 1 0 0 0 2 | 1.33 || 2 || 0 || 3.0 || 5
Lake	2 1 4 .250 || 4 2 1 0 | 2.43  || 0 0 0 0.0 || 0 0 1 2 2 | 0.80 || 2 || 0 || 2.0 || 3
Kyle D.	4 2 11 .182 || 4 2 0 0 | 2.67  || 0 1 0 0.5 || 0 1 0 1 0 | 2.00 || 2 || 0 || 4.5 || 2
Gino	3 2 8 .125 || 5 2 3 1 | 2.00  || 0 0 0 0.0 || 0 0 1 1 1 | 1.00 || 4 || 0 || 3.0 || 3
Cam		0 0 0 .000 || 2 0 0 0 | 3.00  || 0 0 0 0.0 || 0 0 0 0 0 | 0.00 || 5 || 1 || 0.0 || 0
Cody H.	0 0 0 .000 || 0 0 0 0 | 0.00  || 0 0 0 0.0 || 0 2 0 6 3 | 1.09 || 1 || 0 || 0.0 || 3
Santos	0 0 0 .000 || 1 3 0 1 | 1.80  || 0 0 0 0.0 || 0 0 0 0 0 | 0.00 || 0 || 1 || 0.0 || 0
Cody C.	0 0 0 .000 || 1 0 0 0 | 3.00  || 0 0 0 0.0 || 0 0 5 4 4 | 1.08 || 0 || 0 || 0.0 || 4
Howard	7 1 13 .462 || 0 0 0 0 | 0.00  || 0 0 0 0.0 || 0 0 2 0 0 | 2.00 || 1 || 0 || 7.0 || 1
Fort	2 1 9 .111 || 0 0 0 0 | 0.00  || 1 1 0 1.5 || 0 0 0 0 0 | 0.00 || 1 || 0 || 3.5 || 1
Ray		5 1 12 .333 || 0 0 0 0 | 0.00  || 0 2 0 1.0 || 0 0 0 0 0 | 0.00 || 0 || 0 || 6.0 || 1
Shad	0 0 1 .000 || 0 0 0 0 | 0.00  || 0 1 0 0.5 || 0 1 1 3 1 | 1.33 || 2 || 12 || 0.5 || 1
Shane	4 2 7 .286 || 0 0 0 0 | 0.00  || 0 1 0 0.5 || 0 0 0 1 1 | 0.50 || 1 || 1 || 4.5 || 3
Landel	0 0 0 .000 || 0 0 0 0 | 0.00  || 0 0 0 0.0 || 0 0 0 0 0 | 0.00 || 0 || 0 || 0.0 || 0
K/E/TA/K%: 30/13/73/.233
Receive(3/2/1/0/avg): 21/10/4/2/2.35
BS/BA/BE/TB: 1/6/0/4.0
SA/3/2/1/SE/avg: 2/4/10/21/16/1.15
Assists: 30
Digs: 23
Total Points: 36.0
Total Errors: 29

