Here are the abbreviated stats:
Name, (nickname)
S: A || D || BS/BA/BT 
OH: K/E/TA/K% || 3/2/1/0/Avg
MB: K/E/TA/K% || BS/BA/BT
L: 3/2/1/0/Avg || D
Micky (mc)	1 || 0 || 0 0 0 0.0
Manley (ma)	0 0 0 .000 || 0 0 0 0 | 0.00 
Lake (lm)	0 0 0 .000 || 0 0 0 0 | 0.00 
Kyle D. (kd)	0 0 0 .000 || 0 0 0 0 | 0.00 
Gino (gg)	0 0 0 .000 || 0 0 0 0 | 0.00 
Cam (cb)	0 0 0 0 | 0.00  || 0
Cody H. (ch)	0 0 0 0 | 0.00  || 0
Santos (js)	0 0 0 0 | 0.00  || 0
Cody C. (cc)	0 0 0 0 | 0.00  || 0
Howard (jh)	0 0 0 .000 || 0 0 0 0.0
Fort (jf)	1 0 1 1.000 || 0 0 0 0.0
Ray (rc)	0 0 0 .000 || 0 0 0 0.0
Lutz (kl)	0 0 0 .000 || 0 0 0 0.0
Shad (sh)	0 || 0 || 0 0 0 0.0
Kittle (ek)	0 || 0 || 0 0 0 0.0

K/E/TA/K%: 1/0/1/1.000
Receive(3/2/1/0/avg): 0/0/0/0/0.00
BS/BA/BE/TB: 0/0/0/0.0
SA/3/2/1/SE: 0/0/0/0/0/0.00
Assists: 1
Digs: 0
Total Points: 1.0
Total Errors: 0

Micky	0 0 0 .000 || 0 0 0 0 | 0.00  || 0 0 0 0.0 || 0 0 0 0 0 | 0.00 || 0 || 1 || 0.0 || 0
Manley	0 0 0 .000 || 0 0 0 0 | 0.00  || 0 0 0 0.0 || 0 0 0 0 0 | 0.00 || 0 || 0 || 0.0 || 0
Lake	0 0 0 .000 || 0 0 0 0 | 0.00  || 0 0 0 0.0 || 0 0 0 0 0 | 0.00 || 0 || 0 || 0.0 || 0
Kyle D.	0 0 0 .000 || 0 0 0 0 | 0.00  || 0 0 0 0.0 || 0 0 0 0 0 | 0.00 || 0 || 0 || 0.0 || 0
Gino	0 0 0 .000 || 0 0 0 0 | 0.00  || 0 0 0 0.0 || 0 0 0 0 0 | 0.00 || 0 || 0 || 0.0 || 0
Cam		0 0 0 .000 || 0 0 0 0 | 0.00  || 0 0 0 0.0 || 0 0 0 0 0 | 0.00 || 0 || 0 || 0.0 || 0
Cody H.	0 0 0 .000 || 0 0 0 0 | 0.00  || 0 0 0 0.0 || 0 0 0 0 0 | 0.00 || 0 || 0 || 0.0 || 0
Santos	0 0 0 .000 || 0 0 0 0 | 0.00  || 0 0 0 0.0 || 0 0 0 0 0 | 0.00 || 0 || 0 || 0.0 || 0
Cody C.	0 0 0 .000 || 0 0 0 0 | 0.00  || 0 0 0 0.0 || 0 0 0 0 0 | 0.00 || 0 || 0 || 0.0 || 0
Howard	0 0 0 .000 || 0 0 0 0 | 0.00  || 0 0 0 0.0 || 0 0 0 0 0 | 0.00 || 0 || 0 || 0.0 || 0
Fort	1 0 1 1.000 || 0 0 0 0 | 0.00  || 0 0 0 0.0 || 0 0 0 0 0 | 0.00 || 0 || 0 || 1.0 || 0
Ray		0 0 0 .000 || 0 0 0 0 | 0.00  || 0 0 0 0.0 || 0 0 0 0 0 | 0.00 || 0 || 0 || 0.0 || 0
Lutz	0 0 0 .000 || 0 0 0 0 | 0.00  || 0 0 0 0.0 || 0 0 0 0 0 | 0.00 || 0 || 0 || 0.0 || 0
Shad	0 0 0 .000 || 0 0 0 0 | 0.00  || 0 0 0 0.0 || 0 0 0 0 0 | 0.00 || 0 || 0 || 0.0 || 0
Kittle	0 0 0 .000 || 0 0 0 0 | 0.00  || 0 0 0 0.0 || 0 0 0 0 0 | 0.00 || 0 || 0 || 0.0 || 0
K/E/TA/K%: 1/0/1/1.000
Receive(3/2/1/0/avg): 0/0/0/0/0.00
BS/BA/BE/TB: 0/0/0/0.0
SA/3/2/1/SE/avg: 0/0/0/0/0/0.00
Assists: 1
Digs: 0
Total Points: 1.0
Total Errors: 0

