Here are the abbreviated stats:
Name, (nickname)
S: A || D || BS/BA/BE/BT 
OH: K/E/TA/K% || 3/2/1/0/Avg
MB: K/E/TA/K% || BS/BA/BT
L: 3/2/1/0/Avg || D
Micky (mc)	9 || 0 || 0 0 0 0.0
Shad (sh)	0 || 1 || 0 0 0 0.0
Manley (ma)	0 0 0 .000 || 0 0 0 0 | 0.00 
Lake (lm)	5 2 11 .273 || 3 1 0 0 | 2.75 
Kyle D. (kd)	0 0 0 .000 || 0 0 0 0 | 0.00 
Gino (gg)	0 0 0 .000 || 0 2 1 0 | 1.67 
Howard (jh)	5 4 11 .091 || 0 1 0 0.5
Fort (jf)	2 0 3 .667 || 0 1 1 0.5
Ray (rc)	1 1 2 .000 || 0 0 0 0.0
Cam (cb)	4 1 1 0 | 2.50  || 2
Cody H. (ch)	2 0 1 0 | 2.33  || 1
Santos (js)	0 0 0 0 | 0.00  || 0
Cody C. (cc)	0 0 0 0 | 0.00  || 0

K/E/TA/K%: 13/8/28/.179
Receive(3/2/1/0/avg): 9/4/3/0/2.38
BS/BA/BE/TB: 1/2/1/2.0
SA/3/2/1/SE: 1/5/7/10/2/1.72
Digs: 6
Assists: 10
Ball Handling Errors: 1
Total Points: 16.0
Total Errors: 12

Micky	0 1 1 -1.000 || 0 0 0 0 | 0.00  || 0 0 0 0.0 || 0 1 3 2 1 | 1.57 || 0 || 9 || 0 || 0.0 || 2
Shad	0 0 0 .000 || 0 0 0 0 | 0.00  || 0 0 0 0.0 || 0 0 3 1 0 | 1.75 || 1 || 0 || 0 || 0.0 || 0
Manley	0 0 0 .000 || 0 0 0 0 | 0.00  || 0 0 0 0.0 || 0 0 0 0 0 | 0.00 || 0 || 0 || 0 || 0.0 || 0
Lake	5 2 11 .273 || 3 1 0 0 | 2.75  || 1 0 0 1.0 || 0 1 1 2 0 | 1.75 || 1 || 0 || 0 || 6.0 || 2
Kyle D.	0 0 0 .000 || 0 0 0 0 | 0.00  || 0 0 0 0.0 || 0 0 0 1 0 | 1.00 || 0 || 0 || 0 || 0.0 || 0
Gino	0 0 0 .000 || 0 2 1 0 | 1.67  || 0 0 0 0.0 || 1 1 0 3 0 | 2.00 || 1 || 0 || 0 || 1.0 || 0
Howard	5 4 11 .091 || 0 0 0 0 | 0.00  || 0 1 0 0.5 || 0 1 0 1 0 | 2.00 || 0 || 0 || 1 || 5.5 || 5
Fort	2 0 3 .667 || 0 0 0 0 | 0.00  || 0 1 1 0.5 || 0 0 0 0 1 | 0.00 || 0 || 1 || 0 || 2.5 || 2
Ray		1 1 2 .000 || 0 0 0 0 | 0.00  || 0 0 0 0.0 || 0 1 0 0 0 | 3.00 || 0 || 0 || 0 || 1.0 || 1
Cam		0 0 0 .000 || 4 1 1 0 | 2.50  || 0 0 0 0.0 || 0 0 0 0 0 | 0.00 || 2 || 0 || 0 || 0.0 || 0
Cody H.	0 0 0 .000 || 2 0 1 0 | 2.33  || 0 0 0 0.0 || 0 0 0 0 0 | 0.00 || 1 || 0 || 0 || 0.0 || 0
Santos	0 0 0 .000 || 0 0 0 0 | 0.00  || 0 0 0 0.0 || 0 0 0 0 0 | 0.00 || 0 || 0 || 0 || 0.0 || 0
Cody C.	0 0 0 .000 || 0 0 0 0 | 0.00  || 0 0 0 0.0 || 0 0 0 0 0 | 0.00 || 0 || 0 || 0 || 0.0 || 0
K/E/TA/K%: 13/8/28/.179
Receive(3/2/1/0/avg): 9/4/3/0/2.38
BS/BA/BE/TB: 1/2/1/2.0
SA/3/2/1/SE/avg: 1/5/7/10/2/1.72
Digs: 6
Assists: 10
Ball Handling Errors: 1
Total Points: 16.0
Total Errors: 12

