Here are the abbreviated stats:
Name, (nickname)
S: A || D || BS/BA/BT 
OH: K/E/TA/K% || 3/2/1/0/Avg
MB: K/E/TA/K% || BS/BA/BT
L: 3/2/1/0/Avg || D
Micky (mc)	0 || 1 || 1 1 0 1.5
Manley (ma)	8 4 20 .200 || 2 1 0 0 | 2.67 
Lake (lm)	8 1 11 .636 || 1 1 0 0 | 2.50 
Kyle D. (kd)	4 5 13 -.077 || 3 0 0 1 | 2.25 
Gino (gg)	0 0 0 .000 || 0 0 0 0 | 0.00 
Cam (cb)	3 2 0 1 | 2.17  || 5
Cody H. (ch)	0 0 0 0 | 0.00  || 0
Santos (js)	1 2 1 0 | 2.00  || 6
Cody C. (cc)	4 0 2 1 | 2.00  || 4
Howard (jh)	2 2 12 .000 || 1 1 0 1.5
Fort (jf)	2 1 5 .200 || 1 1 0 1.5
Ray (rc)	4 0 8 .500 || 0 2 0 1.0
Lutz (kl)	0 1 2 -.500 || 0 0 0 0.0
Shad (sh)	9 || 3 || 0 0 0 0.0
Kittle (ek)	26 || 3 || 0 0 0 0.0

K/E/TA/K%: 39/18/88/.239
Receive(3/2/1/0/avg): 14/6/3/4/2.11
BS/BA/BE/TB: 4/6/0/7.0
SA/3/2/1/SE: 4/3/6/14/4/1.65
Assists: 37
Digs: 31

Micky	7 1 10 .600 || 0 0 0 0 | 0.00  || 1 1 0 1.5 || 0 0 0 1 0 | 1.00 || 1 || 0
Manley	8 4 20 .200 || 2 1 0 0 | 2.67  || 1 0 0 1.0 || 0 0 0 0 0 | 0.00 || 1 || 1
Lake	8 1 11 .636 || 1 1 0 0 | 2.50  || 0 0 0 0.0 || 0 1 0 1 0 | 2.00 || 3 || 0
Kyle D.	4 5 13 -.077 || 3 0 0 1 | 2.25  || 0 1 0 0.5 || 0 0 2 2 0 | 1.50 || 3 || 0
Gino	0 0 0 .000 || 0 0 0 0 | 0.00  || 0 0 0 0.0 || 0 0 0 0 0 | 0.00 || 0 || 0
Cam		1 0 1 1.000 || 3 2 0 1 | 2.17  || 0 0 0 0.0 || 2 1 1 1 0 | 2.80 || 5 || 1
Cody H.	0 0 0 .000 || 0 0 0 0 | 0.00  || 0 0 0 0.0 || 0 0 0 0 0 | 0.00 || 0 || 0
Santos	0 0 0 .000 || 1 2 1 0 | 2.00  || 0 0 0 0.0 || 1 0 0 4 0 | 1.60 || 6 || 0
Cody C.	0 0 0 .000 || 4 0 2 1 | 2.00  || 0 0 0 0.0 || 0 0 1 2 1 | 1.00 || 4 || 0
Howard	2 2 12 .000 || 0 0 0 0 | 0.00  || 1 1 0 1.5 || 1 0 0 1 1 | 1.67 || 2 || 0
Fort	2 1 5 .200 || 0 0 0 1 | 0.00  || 1 1 0 1.5 || 0 0 0 0 0 | 0.00 || 0 || 0
Ray		4 0 8 .500 || 0 0 0 0 | 0.00  || 0 2 0 1.0 || 0 0 0 0 0 | 0.00 || 0 || 0
Lutz	0 1 2 -.500 || 0 0 0 0 | 0.00  || 0 0 0 0.0 || 0 0 0 0 0 | 0.00 || 0 || 0
Shad	2 2 4 .000 || 0 0 0 0 | 0.00  || 0 0 0 0.0 || 0 1 2 1 0 | 2.00 || 3 || 9
Kittle	1 1 2 .000 || 0 0 0 0 | 0.00  || 0 0 0 0.0 || 0 0 0 1 2 | 0.33 || 3 || 26
K/E/TA/K%: 39/18/88/.239
Receive(3/2/1/0/avg): 14/6/3/4/2.11
BS/BA/BE/TB: 4/6/0/7.0
SA/3/2/1/SE/avg: 4/3/6/14/4/1.65
Assists: 37
Digs: 31

