Here are the abbreviated stats:
Name, (nickname)
S: A || D || BS/BA/BE/BT 
OH: K/E/TA/K% || 3/2/1/0/Avg
MB: K/E/TA/K% || BS/BA/BT
L: 3/2/1/0/Avg || D
Micky (mc)	14 || 4 || 0 0 0 0.0
Manley (ma)	2 1 15 .067 || 1 5 3 0 | 1.78 
Lake (lm)	7 2 16 .313 || 3 4 0 0 | 2.43 
Kyle D. (kd)	2 2 7 .000 || 0 0 0 0 | 0.00 
Gino (gg)	3 2 9 .111 || 6 4 1 0 | 2.45 
Cam (cb)	4 1 0 0 | 2.80  || 4
Cody H. (ch)	2 0 2 0 | 2.00  || 4
Santos (js)	0 0 0 0 | 0.00  || 0
Cody C. (cc)	5 2 1 0 | 2.50  || 6
Howard (jh)	0 0 0 .000 || 0 0 0 0.0
Fort (jf)	5 1 8 .500 || 0 0 1 0.0
Ray (rc)	4 0 7 .571 || 0 1 0 0.5
Shad (sh)	0 || 0 || 0 0 0 0.0
Shane (cs)	0 0 0 .000 || 0 0 0 0.0
Landel (cj)	5 3 12 .167 || 0 0 0 0 | 0.00 
Mauro (cm)	1 0 1 1.000 || 0 0 0 0 | 0.00 

K/E/TA/K%: 30/11/76/.250
Receive(3/2/1/0/avg): 21/16/7/0/2.32
BS/BA/BE/TB: 0/2/1/1.0
SA/3/2/1/SE: 0/7/16/21/4/1.54
Assists: 30
Digs: 33
Total Points: 31.0
Total Errors: 16

Micky	1 0 1 1.000 || 0 0 0 0 | 0.00  || 0 0 0 0.0 || 0 0 1 2 0 | 1.33 || 4 || 14 || 1.0 || 0
Manley	2 1 15 .067 || 1 5 3 0 | 1.78  || 0 0 0 0.0 || 0 0 0 0 0 | 0.00 || 0 || 1 || 2.0 || 1
Lake	7 2 16 .313 || 3 4 0 0 | 2.43  || 0 1 0 0.5 || 0 1 1 1 0 | 2.00 || 4 || 0 || 7.5 || 2
Kyle D.	2 2 7 .000 || 0 0 0 0 | 0.00  || 0 0 0 0.0 || 0 1 0 1 1 | 1.33 || 3 || 0 || 2.0 || 3
Gino	3 2 9 .111 || 6 4 1 0 | 2.45  || 0 0 0 0.0 || 0 2 1 0 1 | 2.00 || 2 || 0 || 3.0 || 3
Cam		0 0 0 .000 || 4 1 0 0 | 2.80  || 0 0 0 0.0 || 0 2 4 4 1 | 1.64 || 4 || 3 || 0.0 || 1
Cody H.	0 0 0 .000 || 2 0 2 0 | 2.00  || 0 0 0 0.0 || 0 0 1 4 0 | 1.20 || 4 || 0 || 0.0 || 0
Santos	0 0 0 .000 || 0 0 0 0 | 0.00  || 0 0 0 0.0 || 0 0 0 0 0 | 0.00 || 0 || 0 || 0.0 || 0
Cody C.	0 0 0 .000 || 5 2 1 0 | 2.50  || 0 0 0 0.0 || 0 0 5 6 0 | 1.45 || 6 || 0 || 0.0 || 0
Howard	0 0 0 .000 || 0 0 0 0 | 0.00  || 0 0 0 0.0 || 0 0 0 0 0 | 0.00 || 0 || 0 || 0.0 || 0
Fort	5 1 8 .500 || 0 0 0 0 | 0.00  || 0 0 1 0.0 || 0 0 0 0 0 | 0.00 || 1 || 0 || 5.0 || 2
Ray		4 0 7 .571 || 0 0 0 0 | 0.00  || 0 1 0 0.5 || 0 0 0 0 0 | 0.00 || 2 || 0 || 4.5 || 0
Shad	0 0 0 .000 || 0 0 0 0 | 0.00  || 0 0 0 0.0 || 0 0 0 0 0 | 0.00 || 0 || 0 || 0.0 || 0
Shane	0 0 0 .000 || 0 0 0 0 | 0.00  || 0 0 0 0.0 || 0 0 0 0 0 | 0.00 || 0 || 0 || 0.0 || 0
Landel	5 3 12 .167 || 0 0 0 0 | 0.00  || 0 0 0 0.0 || 0 1 0 2 1 | 1.25 || 2 || 0 || 5.0 || 4
Mauro	1 0 1 1.000 || 0 0 0 0 | 0.00  || 0 0 0 0.0 || 0 0 3 1 0 | 1.75 || 1 || 12 || 1.0 || 0
K/E/TA/K%: 30/11/76/.250
Receive(3/2/1/0/avg): 21/16/7/0/2.32
BS/BA/BE/TB: 0/2/1/1.0
SA/3/2/1/SE/avg: 0/7/16/21/4/1.54
Assists: 30
Digs: 33
Total Points: 31.0
Total Errors: 16

