Here are the abbreviated stats:
Name, (nickname)
S: A || D || BS/BA/BT 
OH: K/E/TA/K% || 3/2/1/0/Avg
MB: K/E/TA/K% || BS/BA/BT
L: 3/2/1/0/Avg || D
Micky (mc)	0 || 0 || 0 0 0 0.0
Manley (ma)	11 6 26 .192 || 6 0 0 0 | 3.00 
Lake (lm)	3 2 11 .091 || 5 2 2 0 | 2.33 
Kyle D. (kd)	3 3 12 .000 || 8 3 2 0 | 2.46 
Gino (gg)	0 0 0 .000 || 0 0 0 0 | 0.00 
Cam (cb)	8 1 0 0 | 2.89  || 7
Cody H. (ch)	10 2 0 0 | 2.83  || 1
Santos (js)	4 1 0 0 | 2.80  || 5
Cody C. (cc)	0 0 0 0 | 0.00  || 0
Howard (jh)	4 2 13 .154 || 0 0 0 0.0
Fort (jf)	4 0 9 .444 || 0 1 0 0.5
Ray (rc)	8 3 19 .263 || 0 3 0 1.5
Lutz (kl)	0 0 0 .000 || 0 0 0 0.0
Shad (sh)	15 || 9 || 0 0 0 0.0
Kittle (ek)	14 || 1 || 0 0 0 0.0
Shane (cs)	2 1 11 .091 || 1 3 0 2.5

K/E/TA/K%: 36/17/106/.179
Receive(3/2/1/0/avg): 41/10/4/0/2.67
BS/BA/BE/TB: 1/8/0/5.0
SA/3/2/1/SE: 0/4/10/41/15/1.04
Assists: 34
Digs: 41
Total Points: 41.0
Total Errors: 32

Micky	0 0 0 .000 || 0 0 0 0 | 0.00  || 0 0 0 0.0 || 0 0 0 0 0 | 0.00 || 0 || 0 || 0.0 || 0
Manley	11 6 26 .192 || 6 0 0 0 | 3.00  || 0 0 0 0.0 || 0 0 0 0 0 | 0.00 || 3 || 0 || 11.0 || 6
Lake	3 2 11 .091 || 5 2 2 0 | 2.33  || 0 1 0 0.5 || 0 0 2 3 0 | 1.40 || 2 || 0 || 3.5 || 2
Kyle D.	3 3 12 .000 || 8 3 2 0 | 2.46  || 0 0 0 0.0 || 0 0 0 2 2 | 0.50 || 5 || 0 || 3.0 || 5
Gino	0 0 0 .000 || 0 0 0 0 | 0.00  || 0 0 0 0.0 || 0 0 0 0 0 | 0.00 || 0 || 0 || 0.0 || 0
Cam		0 0 0 .000 || 8 1 0 0 | 2.89  || 0 0 0 0.0 || 0 2 0 2 1 | 1.60 || 7 || 2 || 0.0 || 1
Cody H.	0 0 0 .000 || 10 2 0 0 | 2.83  || 0 0 0 0.0 || 0 0 3 8 2 | 1.08 || 1 || 0 || 0.0 || 2
Santos	0 0 0 .000 || 4 1 0 0 | 2.80  || 0 0 0 0.0 || 0 0 1 8 0 | 1.11 || 5 || 1 || 0.0 || 0
Cody C.	0 0 0 .000 || 0 0 0 0 | 0.00  || 0 0 0 0.0 || 0 0 1 4 3 | 0.75 || 0 || 0 || 0.0 || 3
Howard	4 2 13 .154 || 0 0 0 0 | 0.00  || 0 0 0 0.0 || 0 0 0 3 2 | 0.60 || 5 || 0 || 4.0 || 4
Fort	4 0 9 .444 || 0 0 0 0 | 0.00  || 0 1 0 0.5 || 0 0 0 0 0 | 0.00 || 0 || 0 || 4.5 || 0
Ray		8 3 19 .263 || 0 0 0 0 | 0.00  || 0 3 0 1.5 || 0 0 0 0 0 | 0.00 || 0 || 0 || 9.5 || 3
Lutz	0 0 0 .000 || 0 0 0 0 | 0.00  || 0 0 0 0.0 || 0 0 0 0 0 | 0.00 || 0 || 0 || 0.0 || 0
Shad	0 0 1 .000 || 0 0 0 0 | 0.00  || 0 0 0 0.0 || 0 1 2 4 2 | 1.22 || 9 || 15 || 0.0 || 2
Kittle	1 0 4 .250 || 0 1 0 0 | 2.00  || 0 0 0 0.0 || 0 0 0 6 1 | 0.86 || 1 || 14 || 1.0 || 1
Shane	2 1 11 .091 || 0 0 0 0 | 0.00  || 1 3 0 2.5 || 0 1 1 1 2 | 1.20 || 3 || 2 || 4.5 || 3
K/E/TA/K%: 36/17/106/.179
Receive(3/2/1/0/avg): 41/10/4/0/2.67
BS/BA/BE/TB: 1/8/0/5.0
SA/3/2/1/SE/avg: 0/4/10/41/15/1.04
Assists: 34
Digs: 41
Total Points: 41.0
Total Errors: 32

