Here are the abbreviated stats:
Name, (nickname)
S: A || D || BS/BA/BE/BT 
OH: K/E/TA/K% || 3/2/1/0/Avg
MB: K/E/TA/K% || BS/BA/BT
L: 3/2/1/0/Avg || D
Micky (mc)	4 || 1 || 0 0 0 0.0
Shad (sh)	0 || 0 || 0 0 0 0.0
Manley (ma)	2 1 6 .167 || 0 0 0 0 | 0.00 
Lake (lm)	1 0 2 .500 || 0 0 0 0 | 0.00 
Kyle D. (kd)	0 0 4 .000 || 1 2 0 0 | 2.33 
Gino (gg)	0 0 0 .000 || 0 0 0 0 | 0.00 
Howard (jh)	2 1 6 .167 || 0 0 0 0.0
Fort (jf)	3 0 5 .600 || 0 0 0 0.0
Ray (rc)	0 0 0 .000 || 0 1 0 0.5
Cam (cb)	1 0 0 0 | 3.00  || 3
Cody H. (ch)	0 0 0 0 | 0.00  || 0
Santos (js)	1 0 0 0 | 3.00  || 2
Cody C. (cc)	0 0 0 0 | 0.00  || 0
Shane (cs)	2 1 6 .167 || 0 0 0 0.0
Landel (cj)	2 0 3 .667 || 2 0 0 0 | 3.00 
Mauro (cm)	0 0 0 .000 || 0 0 0 0 | 0.00 

K/E/TA/K%: 12/3/32/.281
Receive(3/2/1/0/avg): 5/2/0/0/2.71
BS/BA/BE/TB: 0/2/0/1.0
SA/3/2/1/SE: 0/0/2/5/2/1.00
Digs: 14
Assists: 11
Ball Handling Errors: 0
Total Points: 13.0
Total Errors: 5

Micky	0 0 0 .000 || 0 0 0 0 | 0.00  || 0 0 0 0.0 || 0 0 0 2 0 | 1.00 || 1 || 4 || 0 || 0.0 || 0
Shad	0 0 0 .000 || 0 0 0 0 | 0.00  || 0 0 0 0.0 || 0 0 0 0 0 | 0.00 || 0 || 0 || 0 || 0.0 || 0
Manley	2 1 6 .167 || 0 0 0 0 | 0.00  || 0 1 0 0.5 || 0 0 0 1 0 | 1.00 || 1 || 0 || 0 || 2.5 || 1
Lake	1 0 2 .500 || 0 0 0 0 | 0.00  || 0 0 0 0.0 || 0 0 0 1 2 | 0.33 || 2 || 0 || 0 || 1.0 || 2
Kyle D.	0 0 4 .000 || 1 2 0 0 | 2.33  || 0 0 0 0.0 || 0 0 0 0 0 | 0.00 || 2 || 1 || 0 || 0.0 || 0
Gino	0 0 0 .000 || 0 0 0 0 | 0.00  || 0 0 0 0.0 || 0 0 0 0 0 | 0.00 || 0 || 0 || 0 || 0.0 || 0
Howard	2 1 6 .167 || 0 0 0 0 | 0.00  || 0 0 0 0.0 || 0 0 0 0 0 | 0.00 || 0 || 0 || 0 || 2.0 || 1
Fort	3 0 5 .600 || 0 0 0 0 | 0.00  || 0 0 0 0.0 || 0 0 0 0 0 | 0.00 || 0 || 0 || 0 || 3.0 || 0
Ray		0 0 0 .000 || 0 0 0 0 | 0.00  || 0 1 0 0.5 || 0 0 0 0 0 | 0.00 || 0 || 0 || 0 || 0.5 || 0
Cam		0 0 0 .000 || 1 0 0 0 | 3.00  || 0 0 0 0.0 || 0 0 0 0 0 | 0.00 || 3 || 1 || 0 || 0.0 || 0
Cody H.	0 0 0 .000 || 0 0 0 0 | 0.00  || 0 0 0 0.0 || 0 0 0 0 0 | 0.00 || 0 || 0 || 0 || 0.0 || 0
Santos	0 0 0 .000 || 1 0 0 0 | 3.00  || 0 0 0 0.0 || 0 0 0 0 0 | 0.00 || 2 || 0 || 0 || 0.0 || 0
Cody C.	0 0 0 .000 || 0 0 0 0 | 0.00  || 0 0 0 0.0 || 0 0 0 1 0 | 1.00 || 0 || 0 || 0 || 0.0 || 0
Shane	2 1 6 .167 || 0 0 0 0 | 0.00  || 0 0 0 0.0 || 0 0 0 0 0 | 0.00 || 1 || 1 || 0 || 2.0 || 1
Landel	2 0 3 .667 || 2 0 0 0 | 3.00  || 0 0 0 0.0 || 0 0 2 0 0 | 2.00 || 0 || 0 || 0 || 2.0 || 0
Mauro	0 0 0 .000 || 0 0 0 0 | 0.00  || 0 0 0 0.0 || 0 0 0 0 0 | 0.00 || 2 || 4 || 0 || 0.0 || 0
K/E/TA/K%: 12/3/32/.281
Receive(3/2/1/0/avg): 5/2/0/0/2.71
BS/BA/BE/TB: 0/2/0/1.0
SA/3/2/1/SE/avg: 0/0/2/5/2/1.00
Digs: 14
Assists: 11
Ball Handling Errors: 0
Total Points: 13.0
Total Errors: 5

