Here are the abbreviated stats:
Name, (nickname)
S: A || D || BS/BA/BT 
OH: K/E/TA/K% || 3/2/1/0/Avg
MB: K/E/TA/K% || BS/BA/BT
L: 3/2/1/0/Avg || D
Micky (mc)	0 || 1 || 0 0 1 0.0
Manley (ma)	0 0 0 .000 || 0 0 0 0 | 0.00 
Lake (lm)	0 1 3 -.333 || 3 0 0 0 | 3.00 
Kyle D. (kd)	0 0 0 .000 || 0 0 0 1 | 0.00 
Gino (gg)	2 1 4 .250 || 1 2 0 0 | 2.33 
Cam (cb)	2 2 0 0 | 2.50  || 1
Cody H. (ch)	1 1 0 0 | 2.50  || 0
Santos (js)	1 1 1 0 | 2.00  || 0
Cody C. (cc)	0 0 0 0 | 0.00  || 0
Howard (jh)	3 1 4 .500 || 0 1 0 0.5
Fort (jf)	1 0 1 1.000 || 0 2 0 1.0
Ray (rc)	0 0 0 .000 || 0 1 0 0.5
Lutz (kl)	0 0 0 .000 || 0 0 0 0.0
Shad (sh)	4 || 0 || 0 0 0 0.0
Kittle (ek)	3 || 0 || 0 1 0 0.5

K/E/TA/K%: 8/6/18/.111
Receive(3/2/1/0/avg): 9/6/1/1/2.35
BS/BA/BE/TB: 0/6/1/3.0
SA/3/2/1/SE: 1/1/6/9/4/1.33
Assists: 8
Digs: 3
Total Points: 12.0
Total Errors: 11

Micky	1 3 5 -.400 || 0 0 0 0 | 0.00  || 0 0 1 0.0 || 0 0 0 1 0 | 1.00 || 1 || 0 || 1.0 || 4
Manley	0 0 0 .000 || 0 0 0 0 | 0.00  || 0 0 0 0.0 || 0 0 0 0 0 | 0.00 || 0 || 0 || 0.0 || 0
Lake	0 1 3 -.333 || 3 0 0 0 | 3.00  || 0 0 0 0.0 || 0 1 3 1 0 | 2.00 || 0 || 0 || 0.0 || 1
Kyle D.	0 0 0 .000 || 0 0 0 1 | 0.00  || 0 1 0 0.5 || 0 0 0 1 0 | 1.00 || 1 || 0 || 0.5 || 0
Gino	2 1 4 .250 || 1 2 0 0 | 2.33  || 0 0 0 0.0 || 0 0 0 0 0 | 0.00 || 0 || 0 || 2.0 || 1
Cam		0 0 0 .000 || 2 2 0 0 | 2.50  || 0 0 0 0.0 || 0 0 0 1 1 | 0.50 || 1 || 0 || 0.0 || 1
Cody H.	0 0 0 .000 || 1 1 0 0 | 2.50  || 0 0 0 0.0 || 0 0 1 1 0 | 1.50 || 0 || 0 || 0.0 || 0
Santos	0 0 0 .000 || 1 1 1 0 | 2.00  || 0 0 0 0.0 || 0 0 0 3 1 | 0.75 || 0 || 1 || 0.0 || 1
Cody C.	0 0 0 .000 || 0 0 0 0 | 0.00  || 0 0 0 0.0 || 0 0 0 0 0 | 0.00 || 0 || 0 || 0.0 || 0
Howard	3 1 4 .500 || 0 0 0 0 | 0.00  || 0 1 0 0.5 || 0 0 0 0 1 | 0.00 || 0 || 0 || 3.5 || 2
Fort	1 0 1 1.000 || 0 0 0 0 | 0.00  || 0 2 0 1.0 || 0 0 0 0 0 | 0.00 || 0 || 0 || 2.0 || 0
Ray		0 0 0 .000 || 0 0 0 0 | 0.00  || 0 1 0 0.5 || 0 0 0 0 0 | 0.00 || 0 || 0 || 0.5 || 0
Lutz	0 0 0 .000 || 0 0 0 0 | 0.00  || 0 0 0 0.0 || 0 0 0 0 0 | 0.00 || 0 || 0 || 0.0 || 0
Shad	0 0 0 .000 || 1 0 0 0 | 3.00  || 0 0 0 0.0 || 0 0 1 1 0 | 1.50 || 0 || 4 || 0.0 || 0
Kittle	1 0 1 1.000 || 0 0 0 0 | 0.00  || 0 1 0 0.5 || 1 0 1 0 1 | 2.00 || 0 || 3 || 2.5 || 1
K/E/TA/K%: 8/6/18/.111
Receive(3/2/1/0/avg): 9/6/1/1/2.35
BS/BA/BE/TB: 0/6/1/3.0
SA/3/2/1/SE/avg: 1/1/6/9/4/1.33
Assists: 8
Digs: 3
Total Points: 12.0
Total Errors: 11

