Here are the abbreviated stats:
Name, (nickname)
S: A || D || BS/BA/BE/BT 
OH: K/E/TA/K% || 3/2/1/0/Avg
MB: K/E/TA/K% || BS/BA/BT
L: 3/2/1/0/Avg || D
Micky (mc)	0 || 2 || 0 0 0 0.0
Manley (ma)	2 0 4 .500 || 1 0 0 0 | 3.00 
Lake (lm)	1 0 2 .500 || 1 1 0 0 | 2.50 
Kyle D. (kd)	0 0 4 .000 || 1 1 1 0 | 2.00 
Gino (gg)	2 0 3 .667 || 0 2 0 0 | 2.00 
Cam (cb)	0 1 0 0 | 2.00  || 3
Cody H. (ch)	0 0 0 0 | 0.00  || 0
Santos (js)	0 0 0 0 | 0.00  || 3
Cody C. (cc)	0 0 0 0 | 0.00  || 0
Howard (jh)	3 1 6 .333 || 0 0 0 0.0
Fort (jf)	3 0 6 .500 || 0 0 0 0.0
Ray (rc)	2 0 2 1.000 || 0 0 0 0.0
Lutz (kl)	0 0 0 .000 || 0 0 0 0.0
Shad (sh)	8 || 0 || 0 0 0 0.0
Kittle (ek)	5 || 2 || 0 0 0 0.0
Shane (cs)	0 0 0 .000 || 0 0 0 0.0

K/E/TA/K%: 17/2/33/.455
Receive(3/2/1/0/avg): 3/5/1/0/2.22
BS/BA/BE/TB: 0/0/0/0.0
SA/3/2/1/SE: 0/1/5/3/3/1.33
Assists: 16
Digs: 13
Total Points: 17.0
Total Errors: 5

Micky	2 1 4 .250 || 0 0 0 0 | 0.00  || 0 0 0 0.0 || 0 1 0 0 0 | 3.00 || 2 || 0 || 2.0 || 1
Manley	2 0 4 .500 || 1 0 0 0 | 3.00  || 0 0 0 0.0 || 0 0 1 0 0 | 2.00 || 2 || 1 || 2.0 || 0
Lake	1 0 2 .500 || 1 1 0 0 | 2.50  || 0 0 0 0.0 || 0 0 0 0 1 | 0.00 || 0 || 0 || 1.0 || 1
Kyle D.	0 0 4 .000 || 1 1 1 0 | 2.00  || 0 0 0 0.0 || 0 0 0 0 0 | 0.00 || 0 || 0 || 0.0 || 0
Gino	2 0 3 .667 || 0 2 0 0 | 2.00  || 0 0 0 0.0 || 0 0 1 1 1 | 1.00 || 0 || 0 || 2.0 || 1
Cam		0 0 0 .000 || 0 1 0 0 | 2.00  || 0 0 0 0.0 || 0 0 0 1 0 | 1.00 || 3 || 1 || 0.0 || 0
Cody H.	0 0 0 .000 || 0 0 0 0 | 0.00  || 0 0 0 0.0 || 0 0 0 0 0 | 0.00 || 0 || 0 || 0.0 || 0
Santos	0 0 0 .000 || 0 0 0 0 | 0.00  || 0 0 0 0.0 || 0 0 2 0 0 | 2.00 || 3 || 1 || 0.0 || 0
Cody C.	0 0 0 .000 || 0 0 0 0 | 0.00  || 0 0 0 0.0 || 0 0 0 0 0 | 0.00 || 0 || 0 || 0.0 || 0
Howard	3 1 6 .333 || 0 0 0 0 | 0.00  || 0 0 0 0.0 || 0 0 0 0 1 | 0.00 || 0 || 0 || 3.0 || 2
Fort	3 0 6 .500 || 0 0 0 0 | 0.00  || 0 0 0 0.0 || 0 0 0 0 0 | 0.00 || 0 || 0 || 3.0 || 0
Ray		2 0 2 1.000 || 0 0 0 0 | 0.00  || 0 0 0 0.0 || 0 0 0 0 0 | 0.00 || 1 || 0 || 2.0 || 0
Lutz	0 0 0 .000 || 0 0 0 0 | 0.00  || 0 0 0 0.0 || 0 0 0 0 0 | 0.00 || 0 || 0 || 0.0 || 0
Shad	2 0 2 1.000 || 0 0 0 0 | 0.00  || 0 0 0 0.0 || 0 0 0 0 0 | 0.00 || 0 || 8 || 2.0 || 0
Kittle	0 0 0 .000 || 0 0 0 0 | 0.00  || 0 0 0 0.0 || 0 0 1 1 0 | 1.50 || 2 || 5 || 0.0 || 0
Shane	0 0 0 .000 || 0 0 0 0 | 0.00  || 0 0 0 0.0 || 0 0 0 0 0 | 0.00 || 0 || 0 || 0.0 || 0
K/E/TA/K%: 17/2/33/.455
Receive(3/2/1/0/avg): 3/5/1/0/2.22
BS/BA/BE/TB: 0/0/0/0.0
SA/3/2/1/SE/avg: 0/1/5/3/3/1.33
Assists: 16
Digs: 13
Total Points: 17.0
Total Errors: 5

