Here are the abbreviated stats:
Name, (nickname)
S: A || D || BS/BA/BE/BT 
OH: K/E/TA/K% || 3/2/1/0/Avg
MB: K/E/TA/K% || BS/BA/BT
L: 3/2/1/0/Avg || D
Micky (mc)	12 || 1 || 0 0 0 0.0
Shad (sh)	0 || 0 || 0 0 0 0.0
Manley (ma)	0 0 0 .000 || 0 0 0 0 | 0.00 
Lake (lm)	3 0 3 1.000 || 0 0 2 0 | 1.00 
Kyle D. (kd)	0 0 0 .000 || 0 0 0 0 | 0.00 
Gino (gg)	2 0 2 1.000 || 0 2 0 0 | 2.00 
Howard (jh)	2 1 4 .250 || 0 0 0 0.0
Fort (jf)	3 0 4 .750 || 0 1 0 0.5
Ray (rc)	3 0 3 1.000 || 0 0 0 0.0
Cam (cb)	4 0 0 0 | 3.00  || 1
Cody H. (ch)	0 0 0 0 | 0.00  || 0
Santos (js)	0 0 0 0 | 0.00  || 0
Cody C. (cc)	0 0 0 0 | 0.00  || 0

K/E/TA/K%: 13/1/16/.750
Receive(3/2/1/0/avg): 4/2/2/0/2.25
BS/BA/BE/TB: 0/2/0/1.0
SA/3/2/1/SE: 2/5/10/4/4/1.88
Digs: 10
Assists: 12
Ball Handling Errors: 0
Total Points: 16.0
Total Errors: 5

Micky	0 0 0 .000 || 0 0 0 0 | 0.00  || 0 0 0 0.0 || 0 0 3 0 0 | 2.00 || 1 || 12 || 0 || 0.0 || 0
Shad	0 0 0 .000 || 0 0 0 0 | 0.00  || 0 0 0 0.0 || 0 2 1 1 0 | 2.25 || 0 || 0 || 0 || 0.0 || 0
Manley	0 0 0 .000 || 0 0 0 0 | 0.00  || 0 0 0 0.0 || 0 0 0 0 0 | 0.00 || 0 || 0 || 0 || 0.0 || 0
Lake	3 0 3 1.000 || 0 0 2 0 | 1.00  || 0 0 0 0.0 || 0 2 1 1 0 | 2.25 || 1 || 0 || 0 || 3.0 || 0
Kyle D.	0 0 0 .000 || 0 0 0 0 | 0.00  || 0 0 0 0.0 || 0 0 1 1 0 | 1.50 || 1 || 0 || 0 || 0.0 || 0
Gino	2 0 2 1.000 || 0 2 0 0 | 2.00  || 0 1 0 0.5 || 1 1 3 1 2 | 1.75 || 5 || 0 || 0 || 3.5 || 2
Howard	2 1 4 .250 || 0 0 0 0 | 0.00  || 0 0 0 0.0 || 1 0 1 0 1 | 2.00 || 1 || 0 || 0 || 3.0 || 2
Fort	3 0 4 .750 || 0 0 0 0 | 0.00  || 0 1 0 0.5 || 0 0 0 0 0 | 0.00 || 0 || 0 || 0 || 3.5 || 0
Ray		3 0 3 1.000 || 0 0 0 0 | 0.00  || 0 0 0 0.0 || 0 0 0 0 1 | 0.00 || 0 || 0 || 0 || 3.0 || 1
Cam		0 0 0 .000 || 4 0 0 0 | 3.00  || 0 0 0 0.0 || 0 0 0 0 0 | 0.00 || 1 || 0 || 0 || 0.0 || 0
Cody H.	0 0 0 .000 || 0 0 0 0 | 0.00  || 0 0 0 0.0 || 0 0 0 0 0 | 0.00 || 0 || 0 || 0 || 0.0 || 0
Santos	0 0 0 .000 || 0 0 0 0 | 0.00  || 0 0 0 0.0 || 0 0 0 0 0 | 0.00 || 0 || 0 || 0 || 0.0 || 0
Cody C.	0 0 0 .000 || 0 0 0 0 | 0.00  || 0 0 0 0.0 || 0 0 0 0 0 | 0.00 || 0 || 0 || 0 || 0.0 || 0
K/E/TA/K%: 13/1/16/.750
Receive(3/2/1/0/avg): 4/2/2/0/2.25
BS/BA/BE/TB: 0/2/0/1.0
SA/3/2/1/SE/avg: 2/5/10/4/4/1.88
Digs: 10
Assists: 12
Ball Handling Errors: 0
Total Points: 16.0
Total Errors: 5

