Here are the abbreviated stats:
Name, (nickname)
S: A || D || BS/BA/BE/BT 
OH: K/E/TA/K% || 3/2/1/0/Avg
MB: K/E/TA/K% || BS/BA/BT
L: 3/2/1/0/Avg || D
Micky (mc)	15 || 1 || 0 1 0 0.5
Manley (ma)	2 3 7 -.143 || 3 4 1 0 | 2.25 
Lake (lm)	4 1 6 .500 || 4 1 1 0 | 2.50 
Kyle D. (kd)	3 1 10 .200 || 2 1 2 0 | 2.00 
Gino (gg)	2 0 6 .333 || 6 1 2 1 | 2.20 
Cam (cb)	2 3 0 0 | 2.40  || 6
Cody H. (ch)	0 0 0 0 | 0.00  || 0
Santos (js)	3 0 2 0 | 2.20  || 1
Cody C. (cc)	0 0 0 0 | 0.00  || 1
Howard (jh)	8 1 13 .538 || 0 0 1 0.0
Fort (jf)	3 2 7 .143 || 0 1 1 0.5
Ray (rc)	2 0 4 .500 || 0 3 1 1.5
Shad (sh)	7 || 1 || 0 1 0 0.5
Shane (cs)	0 0 0 .000 || 0 0 0 0.0
Landel (cj)	1 2 9 -.111 || 0 0 0 0 | 0.00 
Mauro (cm)	0 0 0 .000 || 0 0 0 0 | 0.00 

K/E/TA/K%: 25/10/63/.238
Receive(3/2/1/0/avg): 20/10/8/1/2.26
BS/BA/BE/TB: 1/9/3/5.5
SA/3/2/1/SE: 1/8/10/20/8/1.45
Assists: 24
Digs: 24
Total Points: 31.5
Total Errors: 21

Micky	0 0 0 .000 || 0 0 0 0 | 0.00  || 0 1 0 0.5 || 0 3 0 2 1 | 1.83 || 1 || 15 || 0.5 || 1
Manley	2 3 7 -.143 || 3 4 1 0 | 2.25  || 0 0 0 0.0 || 1 1 0 3 1 | 1.67 || 1 || 1 || 3.0 || 4
Lake	4 1 6 .500 || 4 1 1 0 | 2.50  || 1 1 0 1.5 || 0 1 1 1 0 | 2.00 || 3 || 0 || 5.5 || 1
Kyle D.	3 1 10 .200 || 2 1 2 0 | 2.00  || 0 0 0 0.0 || 0 0 0 1 1 | 0.50 || 2 || 0 || 3.0 || 2
Gino	2 0 6 .333 || 6 1 2 1 | 2.20  || 0 0 0 0.0 || 0 0 2 2 1 | 1.20 || 2 || 0 || 2.0 || 1
Cam		0 0 0 .000 || 2 3 0 0 | 2.40  || 0 0 0 0.0 || 0 0 0 0 0 | 0.00 || 6 || 0 || 0.0 || 0
Cody H.	0 0 0 .000 || 0 0 0 0 | 0.00  || 0 0 0 0.0 || 0 0 0 0 0 | 0.00 || 0 || 0 || 0.0 || 0
Santos	0 0 0 .000 || 3 0 2 0 | 2.20  || 0 0 0 0.0 || 0 0 0 0 0 | 0.00 || 1 || 0 || 0.0 || 0
Cody C.	0 0 0 .000 || 0 0 0 0 | 0.00  || 0 0 0 0.0 || 0 2 2 9 4 | 1.12 || 1 || 1 || 0.0 || 4
Howard	8 1 13 .538 || 0 0 0 0 | 0.00  || 0 0 1 0.0 || 0 0 1 1 0 | 1.50 || 4 || 0 || 8.0 || 2
Fort	3 2 7 .143 || 0 0 0 0 | 0.00  || 0 1 1 0.5 || 0 0 0 0 0 | 0.00 || 0 || 0 || 3.5 || 3
Ray		2 0 4 .500 || 0 0 0 0 | 0.00  || 0 3 1 1.5 || 0 0 0 0 0 | 0.00 || 1 || 0 || 3.5 || 1
Shad	0 0 1 .000 || 0 0 0 0 | 0.00  || 0 1 0 0.5 || 0 1 2 1 0 | 2.00 || 1 || 7 || 0.5 || 0
Shane	0 0 0 .000 || 0 0 0 0 | 0.00  || 0 0 0 0.0 || 0 0 0 0 0 | 0.00 || 0 || 0 || 0.0 || 0
Landel	1 2 9 -.111 || 0 0 0 0 | 0.00  || 0 2 0 1.0 || 0 0 2 0 0 | 2.00 || 1 || 0 || 2.0 || 2
Mauro	0 0 0 .000 || 0 0 0 0 | 0.00  || 0 0 0 0.0 || 0 0 0 0 0 | 0.00 || 0 || 0 || 0.0 || 0
K/E/TA/K%: 25/10/63/.238
Receive(3/2/1/0/avg): 20/10/8/1/2.26
BS/BA/BE/TB: 1/9/3/5.5
SA/3/2/1/SE/avg: 1/8/10/20/8/1.45
Assists: 24
Digs: 24
Total Points: 31.5
Total Errors: 21

