Here are the abbreviated stats:
Name, (nickname)
S: A || D || BS/BA/BT 
OH: K/E/TA/K% || 3/2/1/0/Avg
MB: K/E/TA/K% || BS/BA/BT
L: 3/2/1/0/Avg || D
Micky (mc)	14 || 5 || 0 0 0 0.0
Manley (ma)	6 2 9 .444 || 1 5 0 1 | 1.86 
Lake (lm)	3 2 9 .111 || 3 3 0 1 | 2.14 
Kyle D. (kd)	0 1 4 -.250 || 3 4 1 0 | 2.25 
Gino (gg)	5 2 9 .333 || 2 2 1 1 | 1.83 
Cam (cb)	9 0 0 3 | 2.25  || 2
Cody H. (ch)	0 0 0 0 | 0.00  || 0
Santos (js)	4 1 1 1 | 2.14  || 6
Cody C. (cc)	0 0 0 0 | 0.00  || 0
Howard (jh)	5 1 10 .400 || 0 1 0 0.5
Fort (jf)	1 2 5 -.200 || 0 1 0 0.5
Ray (rc)	3 1 7 .286 || 0 3 0 1.5
Lutz (kl)	2 0 3 .667 || 0 0 0 0.0
Shad (sh)	0 || 1 || 0 0 0 0.0
Kittle (ek)	9 || 2 || 0 0 0 0.0

K/E/TA/K%: 27/13/69/.203
Receive(3/2/1/0/avg): 23/15/3/7/2.13
BS/BA/BE/TB: 0/8/0/4.0
SA/3/2/1/SE: 7/3/15/23/5/1.70
Assists: 25
Digs: 25

Micky	0 0 0 .000 || 0 0 0 0 | 0.00  || 0 0 0 0.0 || 0 1 0 1 1 | 1.33 || 5 || 14
Manley	6 2 9 .444 || 1 5 0 1 | 1.86  || 0 0 0 0.0 || 0 0 1 0 1 | 1.00 || 1 || 0
Lake	3 2 9 .111 || 3 3 0 1 | 2.14  || 0 1 0 0.5 || 1 0 0 7 0 | 1.38 || 1 || 0
Kyle D.	0 1 4 -.250 || 3 4 1 0 | 2.25  || 0 0 0 0.0 || 2 0 2 1 1 | 2.17 || 4 || 0
Gino	5 2 9 .333 || 2 2 1 1 | 1.83  || 0 2 0 1.0 || 0 0 2 0 0 | 2.00 || 0 || 0
Cam		0 0 0 .000 || 9 0 0 3 | 2.25  || 0 0 0 0.0 || 1 1 4 4 0 | 1.90 || 2 || 1
Cody H.	0 0 0 .000 || 0 0 0 0 | 0.00  || 0 0 0 0.0 || 0 0 0 0 0 | 0.00 || 0 || 0
Santos	0 0 0 .000 || 4 1 1 1 | 2.14  || 0 0 0 0.0 || 0 1 5 5 0 | 1.64 || 6 || 1
Cody C.	0 0 0 .000 || 0 0 0 0 | 0.00  || 0 0 0 0.0 || 0 0 0 0 0 | 0.00 || 0 || 0
Howard	5 1 10 .400 || 1 0 0 0 | 3.00  || 0 1 0 0.5 || 3 0 0 2 0 | 2.80 || 3 || 0
Fort	1 2 5 -.200 || 0 0 0 0 | 0.00  || 0 1 0 0.5 || 0 0 0 0 0 | 0.00 || 0 || 0
Ray		3 1 7 .286 || 0 0 0 0 | 0.00  || 0 3 0 1.5 || 0 0 0 0 0 | 0.00 || 0 || 0
Lutz	2 0 3 .667 || 0 0 0 0 | 0.00  || 0 0 0 0.0 || 0 0 0 0 0 | 0.00 || 0 || 0
Shad	2 2 11 .000 || 0 0 0 0 | 0.00  || 0 0 0 0.0 || 0 0 1 1 0 | 1.50 || 1 || 0
Kittle	0 0 2 .000 || 0 0 0 0 | 0.00  || 0 0 0 0.0 || 0 0 0 2 2 | 0.50 || 2 || 9
K/E/TA/K%: 27/13/69/.203
Receive(3/2/1/0/avg): 23/15/3/7/2.13
BS/BA/BE/TB: 0/8/0/4.0
SA/3/2/1/SE/avg: 7/3/15/23/5/1.70
Assists: 25
Digs: 25

