Here are the abbreviated stats:
Name, (nickname)
S: A || D || BS/BA/BE/BT 
OH: K/E/TA/K% || 3/2/1/0/Avg
MB: K/E/TA/K% || BS/BA/BT
L: 3/2/1/0/Avg || D
Micky (mc)	3 || 2 || 0 1 0 0.5
Manley (ma)	1 6 10 -.500 || 1 4 0 1 | 1.83 
Lake (lm)	0 1 4 -.250 || 1 1 1 0 | 2.00 
Kyle D. (kd)	0 0 0 .000 || 0 0 0 0 | 0.00 
Gino (gg)	2 4 8 -.250 || 0 0 0 0 | 0.00 
Cam (cb)	1 1 1 0 | 2.00  || 3
Cody H. (ch)	0 1 0 0 | 2.00  || 2
Santos (js)	2 3 1 1 | 1.86  || 2
Cody C. (cc)	3 3 1 0 | 2.29  || 2
Howard (jh)	2 1 6 .167 || 1 2 0 2.0
Fort (jf)	1 0 2 .500 || 0 3 1 1.5
Ray (rc)	4 1 8 .375 || 0 0 0 0.0
Shad (sh)	7 || 1 || 0 0 0 0.0
Shane (cs)	0 0 0 .000 || 0 0 0 0.0
Landel (cj)	0 0 0 .000 || 0 0 0 0 | 0.00 
Mauro (cm)	0 0 0 .000 || 0 0 0 0 | 0.00 

K/E/TA/K%: 11/13/39/-.051
Receive(3/2/1/0/avg): 8/13/4/2/2.00
BS/BA/BE/TB: 1/7/1/4.5
SA/3/2/1/SE: 2/4/13/8/3/1.80
Assists: 11
Digs: 14
Total Points: 17.5
Total Errors: 17

Micky	1 0 1 1.000 || 0 0 0 0 | 0.00  || 0 1 0 0.5 || 0 0 1 0 1 | 1.00 || 2 || 3 || 1.5 || 1
Manley	1 6 10 -.500 || 1 4 0 1 | 1.83  || 0 0 0 0.0 || 0 0 0 0 0 | 0.00 || 0 || 0 || 1.0 || 6
Lake	0 1 4 -.250 || 1 1 1 0 | 2.00  || 0 1 0 0.5 || 0 0 0 0 0 | 0.00 || 0 || 1 || 0.5 || 1
Kyle D.	0 0 0 .000 || 0 0 0 0 | 0.00  || 0 0 0 0.0 || 0 0 0 0 0 | 0.00 || 0 || 0 || 0.0 || 0
Gino	2 4 8 -.250 || 0 0 0 0 | 0.00  || 0 0 0 0.0 || 0 1 1 0 1 | 1.67 || 2 || 0 || 2.0 || 5
Cam		0 0 0 .000 || 1 1 1 0 | 2.00  || 0 0 0 0.0 || 0 0 0 0 0 | 0.00 || 3 || 0 || 0.0 || 0
Cody H.	0 0 0 .000 || 0 1 0 0 | 2.00  || 0 0 0 0.0 || 1 2 8 5 0 | 1.94 || 2 || 0 || 1.0 || 0
Santos	0 0 0 .000 || 2 3 1 1 | 1.86  || 0 0 0 0.0 || 0 0 0 0 0 | 0.00 || 2 || 0 || 0.0 || 0
Cody C.	0 0 0 .000 || 3 3 1 0 | 2.29  || 0 0 0 0.0 || 0 0 1 1 0 | 1.50 || 2 || 0 || 0.0 || 0
Howard	2 1 6 .167 || 0 0 0 0 | 0.00  || 1 2 0 2.0 || 1 0 1 1 0 | 2.33 || 0 || 0 || 5.0 || 1
Fort	1 0 2 .500 || 0 0 0 0 | 0.00  || 0 3 1 1.5 || 0 0 0 0 0 | 0.00 || 0 || 0 || 2.5 || 1
Ray		4 1 8 .375 || 0 0 0 0 | 0.00  || 0 0 0 0.0 || 0 0 0 0 0 | 0.00 || 0 || 0 || 4.0 || 1
Shad	0 0 0 .000 || 0 0 0 0 | 0.00  || 0 0 0 0.0 || 0 1 1 1 1 | 1.50 || 1 || 7 || 0.0 || 1
Shane	0 0 0 .000 || 0 0 0 0 | 0.00  || 0 0 0 0.0 || 0 0 0 0 0 | 0.00 || 0 || 0 || 0.0 || 0
Landel	0 0 0 .000 || 0 0 0 0 | 0.00  || 0 0 0 0.0 || 0 0 0 0 0 | 0.00 || 0 || 0 || 0.0 || 0
Mauro	0 0 0 .000 || 0 0 0 0 | 0.00  || 0 0 0 0.0 || 0 0 0 0 0 | 0.00 || 0 || 0 || 0.0 || 0
K/E/TA/K%: 11/13/39/-.051
Receive(3/2/1/0/avg): 8/13/4/2/2.00
BS/BA/BE/TB: 1/7/1/4.5
SA/3/2/1/SE/avg: 2/4/13/8/3/1.80
Assists: 11
Digs: 14
Total Points: 17.5
Total Errors: 17

