Here are the abbreviated stats:
Name, (nickname)
S: A || D || BS/BA/BE/BT 
OH: K/E/TA/K% || 3/2/1/0/Avg
MB: K/E/TA/K% || BS/BA/BT
L: 3/2/1/0/Avg || D
Micky (mc)	14 || 4 || 0 0 1 0.0
Manley (ma)	1 2 8 -.125 || 6 1 2 1 | 2.20 
Lake (lm)	5 2 10 .300 || 3 3 1 0 | 2.29 
Kyle D. (kd)	3 0 4 .750 || 3 2 1 0 | 2.33 
Gino (gg)	4 1 8 .375 || 3 1 1 0 | 2.40 
Cam (cb)	3 3 0 0 | 2.50  || 1
Cody H. (ch)	0 0 0 0 | 0.00  || 0
Santos (js)	4 3 0 0 | 2.57  || 2
Cody C. (cc)	0 0 0 0 | 0.00  || 3
Howard (jh)	7 0 11 .636 || 0 1 0 0.5
Fort (jf)	3 1 5 .400 || 0 1 0 0.5
Ray (rc)	6 0 10 .600 || 1 1 0 1.5
Shad (sh)	13 || 4 || 0 0 0 0.0
Shane (cs)	0 0 0 .000 || 0 0 0 0.0
Landel (cj)	3 0 5 .600 || 0 0 0 0 | 0.00 
Mauro (cm)	0 0 0 .000 || 0 0 0 0 | 0.00 

K/E/TA/K%: 33/6/62/.435
Receive(3/2/1/0/avg): 22/14/5/1/2.36
BS/BA/BE/TB: 1/4/2/3.0
SA/3/2/1/SE: 1/5/14/22/3/1.53
Assists: 31
Digs: 19
Total Points: 37.0
Total Errors: 11

Micky	0 0 0 .000 || 0 0 0 0 | 0.00  || 0 0 1 0.0 || 0 1 2 2 1 | 1.50 || 4 || 14 || 0.0 || 2
Manley	1 2 8 -.125 || 6 1 2 1 | 2.20  || 0 0 0 0.0 || 0 0 0 2 0 | 1.00 || 1 || 0 || 1.0 || 2
Lake	5 2 10 .300 || 3 3 1 0 | 2.29  || 0 0 0 0.0 || 0 1 1 1 0 | 2.00 || 1 || 0 || 5.0 || 2
Kyle D.	3 0 4 .750 || 3 2 1 0 | 2.33  || 0 0 0 0.0 || 1 2 2 3 0 | 2.13 || 2 || 0 || 4.0 || 0
Gino	4 1 8 .375 || 3 1 1 0 | 2.40  || 0 0 1 0.0 || 0 0 2 1 1 | 1.25 || 0 || 0 || 4.0 || 3
Cam		0 0 0 .000 || 3 3 0 0 | 2.50  || 0 0 0 0.0 || 0 0 0 0 0 | 0.00 || 1 || 1 || 0.0 || 0
Cody H.	0 0 0 .000 || 0 0 0 0 | 0.00  || 0 0 0 0.0 || 0 0 0 0 0 | 0.00 || 0 || 0 || 0.0 || 0
Santos	0 0 0 .000 || 4 3 0 0 | 2.57  || 0 0 0 0.0 || 0 0 0 0 0 | 0.00 || 2 || 1 || 0.0 || 0
Cody C.	0 0 0 .000 || 0 0 0 0 | 0.00  || 0 0 0 0.0 || 0 0 5 9 1 | 1.27 || 3 || 1 || 0.0 || 1
Howard	7 0 11 .636 || 0 0 0 0 | 0.00  || 0 1 0 0.5 || 0 0 1 1 0 | 1.50 || 0 || 0 || 7.5 || 0
Fort	3 1 5 .400 || 0 0 0 0 | 0.00  || 0 1 0 0.5 || 0 0 0 0 0 | 0.00 || 0 || 0 || 3.5 || 1
Ray		6 0 10 .600 || 0 1 0 0 | 2.00  || 1 1 0 1.5 || 0 0 0 0 0 | 0.00 || 0 || 1 || 7.5 || 0
Shad	1 0 1 1.000 || 0 0 0 0 | 0.00  || 0 0 0 0.0 || 0 1 1 1 0 | 2.00 || 4 || 13 || 1.0 || 0
Shane	0 0 0 .000 || 0 0 0 0 | 0.00  || 0 0 0 0.0 || 0 0 0 0 0 | 0.00 || 0 || 0 || 0.0 || 0
Landel	3 0 5 .600 || 0 0 0 0 | 0.00  || 0 1 0 0.5 || 0 0 0 2 0 | 1.00 || 1 || 0 || 3.5 || 0
Mauro	0 0 0 .000 || 0 0 0 0 | 0.00  || 0 0 0 0.0 || 0 0 0 0 0 | 0.00 || 0 || 0 || 0.0 || 0
K/E/TA/K%: 33/6/62/.435
Receive(3/2/1/0/avg): 22/14/5/1/2.36
BS/BA/BE/TB: 1/4/2/3.0
SA/3/2/1/SE/avg: 1/5/14/22/3/1.53
Assists: 31
Digs: 19
Total Points: 37.0
Total Errors: 11

