Here are the abbreviated stats:
Name, (nickname)
S: A || D || BS/BA/BE/BT 
OH: K/E/TA/K% || 3/2/1/0/Avg
MB: K/E/TA/K% || BS/BA/BT
L: 3/2/1/0/Avg || D
Micky (mc)	4 || 3 || 0 0 0 0.0
Manley (ma)	1 1 2 .000 || 2 3 0 0 | 2.40 
Lake (lm)	7 1 13 .462 || 1 0 1 0 | 2.00 
Kyle D. (kd)	2 1 11 .091 || 1 0 0 0 | 3.00 
Gino (gg)	2 0 5 .400 || 0 0 0 0 | 0.00 
Cam (cb)	0 0 0 0 | 0.00  || 0
Cody H. (ch)	0 2 0 0 | 2.00  || 4
Santos (js)	1 0 0 0 | 3.00  || 2
Cody C. (cc)	0 0 1 0 | 1.00  || 1
Howard (jh)	1 3 8 -.250 || 0 0 0 0.0
Fort (jf)	0 0 0 .000 || 0 0 0 0.0
Ray (rc)	0 0 2 .000 || 0 0 0 0.0
Lutz (kl)	2 0 2 1.000 || 0 0 0 0.0
Shad (sh)	8 || 2 || 0 0 0 0.0
Kittle (ek)	0 || 0 || 0 0 0 0.0
Shane (cs)	0 0 0 .000 || 0 0 0 0.0

K/E/TA/K%: 16/6/45/.222
Receive(3/2/1/0/avg): 5/5/2/0/2.25
BS/BA/BE/TB: 0/0/0/0.0
SA/3/2/1/SE: 0/2/5/5/2/1.50
Assists: 14
Digs: 20
Total Points: 16.0
Total Errors: 8

Micky	0 0 0 .000 || 0 0 0 0 | 0.00  || 0 0 0 0.0 || 0 0 0 1 0 | 1.00 || 3 || 4 || 0.0 || 0
Manley	1 1 2 .000 || 2 3 0 0 | 2.40  || 0 0 0 0.0 || 0 1 0 0 0 | 3.00 || 1 || 0 || 1.0 || 1
Lake	7 1 13 .462 || 1 0 1 0 | 2.00  || 0 0 0 0.0 || 0 0 0 0 0 | 0.00 || 3 || 0 || 7.0 || 1
Kyle D.	2 1 11 .091 || 1 0 0 0 | 3.00  || 0 0 0 0.0 || 0 0 0 0 0 | 0.00 || 1 || 0 || 2.0 || 1
Gino	2 0 5 .400 || 0 0 0 0 | 0.00  || 0 0 0 0.0 || 0 0 1 0 0 | 2.00 || 2 || 0 || 2.0 || 0
Cam		0 0 0 .000 || 0 0 0 0 | 0.00  || 0 0 0 0.0 || 0 0 0 0 0 | 0.00 || 0 || 0 || 0.0 || 0
Cody H.	0 0 0 .000 || 0 2 0 0 | 2.00  || 0 0 0 0.0 || 0 1 1 2 1 | 1.40 || 4 || 1 || 0.0 || 1
Santos	0 0 0 .000 || 1 0 0 0 | 3.00  || 0 0 0 0.0 || 0 0 1 0 0 | 2.00 || 2 || 1 || 0.0 || 0
Cody C.	0 0 0 .000 || 0 0 1 0 | 1.00  || 0 0 0 0.0 || 0 0 1 1 0 | 1.50 || 1 || 0 || 0.0 || 0
Howard	1 3 8 -.250 || 0 0 0 0 | 0.00  || 0 0 0 0.0 || 0 0 1 1 0 | 1.50 || 0 || 0 || 1.0 || 3
Fort	0 0 0 .000 || 0 0 0 0 | 0.00  || 0 0 0 0.0 || 0 0 0 0 0 | 0.00 || 0 || 0 || 0.0 || 0
Ray		0 0 2 .000 || 0 0 0 0 | 0.00  || 0 0 0 0.0 || 0 0 0 0 0 | 0.00 || 1 || 0 || 0.0 || 0
Lutz	2 0 2 1.000 || 0 0 0 0 | 0.00  || 0 0 0 0.0 || 0 0 0 0 0 | 0.00 || 0 || 0 || 2.0 || 0
Shad	1 0 2 .500 || 0 0 0 0 | 0.00  || 0 0 0 0.0 || 0 0 0 0 1 | 0.00 || 2 || 8 || 1.0 || 1
Kittle	0 0 0 .000 || 0 0 0 0 | 0.00  || 0 0 0 0.0 || 0 0 0 0 0 | 0.00 || 0 || 0 || 0.0 || 0
Shane	0 0 0 .000 || 0 0 0 0 | 0.00  || 0 0 0 0.0 || 0 0 0 0 0 | 0.00 || 0 || 0 || 0.0 || 0
K/E/TA/K%: 16/6/45/.222
Receive(3/2/1/0/avg): 5/5/2/0/2.25
BS/BA/BE/TB: 0/0/0/0.0
SA/3/2/1/SE/avg: 0/2/5/5/2/1.50
Assists: 14
Digs: 20
Total Points: 16.0
Total Errors: 8

