Here are the abbreviated stats:
Name, (nickname)
S: A || D || BS/BA/BE/BT 
OH: K/E/TA/K% || 3/2/1/0/Avg
MB: K/E/TA/K% || BS/BA/BT
L: 3/2/1/0/Avg || D
Micky (mc)	6 || 3 || 0 0 0 0.0
Shad (sh)	0 || 0 || 0 0 0 0.0
Manley (ma)	0 0 0 .000 || 0 0 1 0 | 1.00 
Lake (lm)	2 3 8 -.125 || 0 4 0 0 | 2.00 
Kyle D. (kd)	0 0 0 .000 || 0 0 0 0 | 0.00 
Gino (gg)	0 0 2 .000 || 0 1 2 0 | 1.33 
Howard (jh)	4 2 8 .250 || 0 0 0 0.0
Fort (jf)	0 0 0 .000 || 0 0 0 0.0
Ray (rc)	0 1 1 -1.000 || 0 0 0 0.0
Cam (cb)	5 0 0 0 | 3.00  || 1
Cody H. (ch)	0 0 0 0 | 0.00  || 0
Santos (js)	0 0 0 0 | 0.00  || 0
Cody C. (cc)	0 0 0 0 | 0.00  || 0

K/E/TA/K%: 6/6/19/.000
Receive(3/2/1/0/avg): 5/5/3/0/2.15
BS/BA/BE/TB: 0/0/0/0.0
SA/3/2/1/SE: 0/0/4/4/2/1.20
Digs: 5
Assists: 6
Ball Handling Errors: 0
Total Points: 6.0
Total Errors: 8

Micky	0 0 0 .000 || 0 0 0 0 | 0.00  || 0 0 0 0.0 || 0 0 2 1 0 | 1.67 || 3 || 6 || 0 || 0.0 || 0
Shad	0 0 0 .000 || 0 0 0 0 | 0.00  || 0 0 0 0.0 || 0 0 0 1 0 | 1.00 || 0 || 0 || 0 || 0.0 || 0
Manley	0 0 0 .000 || 0 0 1 0 | 1.00  || 0 0 0 0.0 || 0 0 0 0 1 | 0.00 || 0 || 0 || 0 || 0.0 || 1
Lake	2 3 8 -.125 || 0 4 0 0 | 2.00  || 0 0 0 0.0 || 0 0 0 1 0 | 1.00 || 0 || 0 || 0 || 2.0 || 3
Kyle D.	0 0 0 .000 || 0 0 0 0 | 0.00  || 0 0 0 0.0 || 0 0 2 1 0 | 1.67 || 0 || 0 || 0 || 0.0 || 0
Gino	0 0 2 .000 || 0 1 2 0 | 1.33  || 0 0 0 0.0 || 0 0 0 0 0 | 0.00 || 1 || 0 || 0 || 0.0 || 0
Howard	4 2 8 .250 || 0 0 0 0 | 0.00  || 0 0 0 0.0 || 0 0 0 0 1 | 0.00 || 0 || 0 || 0 || 4.0 || 3
Fort	0 0 0 .000 || 0 0 0 0 | 0.00  || 0 0 0 0.0 || 0 0 0 0 0 | 0.00 || 0 || 0 || 0 || 0.0 || 0
Ray		0 1 1 -1.000 || 0 0 0 0 | 0.00  || 0 0 0 0.0 || 0 0 0 0 0 | 0.00 || 0 || 0 || 0 || 0.0 || 1
Cam		0 0 0 .000 || 5 0 0 0 | 3.00  || 0 0 0 0.0 || 0 0 0 0 0 | 0.00 || 1 || 0 || 0 || 0.0 || 0
Cody H.	0 0 0 .000 || 0 0 0 0 | 0.00  || 0 0 0 0.0 || 0 0 0 0 0 | 0.00 || 0 || 0 || 0 || 0.0 || 0
Santos	0 0 0 .000 || 0 0 0 0 | 0.00  || 0 0 0 0.0 || 0 0 0 0 0 | 0.00 || 0 || 0 || 0 || 0.0 || 0
Cody C.	0 0 0 .000 || 0 0 0 0 | 0.00  || 0 0 0 0.0 || 0 0 0 0 0 | 0.00 || 0 || 0 || 0 || 0.0 || 0
K/E/TA/K%: 6/6/19/.000
Receive(3/2/1/0/avg): 5/5/3/0/2.15
BS/BA/BE/TB: 0/0/0/0.0
SA/3/2/1/SE/avg: 0/0/4/4/2/1.20
Digs: 5
Assists: 6
Ball Handling Errors: 0
Total Points: 6.0
Total Errors: 8

