Here are the abbreviated stats:
Name, (nickname)
S: A || D || BS/BA/BE/BT 
OH: K/E/TA/K% || 3/2/1/0/Avg
MB: K/E/TA/K% || BS/BA/BT
L: 3/2/1/0/Avg || D
Micky (mc)	10 || 0 || 0 1 1 0.5
Shad (sh)	0 || 0 || 0 0 0 0.0
Manley (ma)	0 0 0 .000 || 0 0 0 0 | 0.00 
Lake (lm)	2 0 9 .222 || 2 2 2 1 | 1.71 
Kyle D. (kd)	0 1 1 -1.000 || 0 0 0 0 | 0.00 
Gino (gg)	2 0 2 1.000 || 0 3 2 0 | 1.60 
Howard (jh)	4 4 10 .000 || 0 1 0 0.5
Fort (jf)	0 0 0 .000 || 0 1 0 0.5
Ray (rc)	2 0 3 .667 || 0 1 0 0.5
Cam (cb)	4 2 0 1 | 2.29  || 1
Cody H. (ch)	0 0 0 0 | 0.00  || 0
Santos (js)	0 0 0 0 | 0.00  || 0
Cody C. (cc)	0 0 0 0 | 0.00  || 0

K/E/TA/K%: 10/5/25/.200
Receive(3/2/1/0/avg): 6/7/4/2/1.89
BS/BA/BE/TB: 0/4/1/2.0
SA/3/2/1/SE: 0/1/2/8/7/0.83
Digs: 7
Assists: 10
Ball Handling Errors: 1
Total Points: 12.0
Total Errors: 14

Micky	0 0 0 .000 || 0 0 0 0 | 0.00  || 0 1 1 0.5 || 0 0 1 1 1 | 1.00 || 0 || 10 || 1 || 0.5 || 3
Shad	0 0 0 .000 || 0 0 0 0 | 0.00  || 0 0 0 0.0 || 0 0 0 0 0 | 0.00 || 0 || 0 || 0 || 0.0 || 0
Manley	0 0 0 .000 || 0 0 0 0 | 0.00  || 0 0 0 0.0 || 0 0 0 0 0 | 0.00 || 0 || 0 || 0 || 0.0 || 0
Lake	2 0 9 .222 || 2 2 2 1 | 1.71  || 0 0 0 0.0 || 0 0 0 3 2 | 0.60 || 3 || 0 || 0 || 2.0 || 2
Kyle D.	0 1 1 -1.000 || 0 0 0 0 | 0.00  || 0 0 0 0.0 || 0 1 1 0 0 | 2.50 || 0 || 0 || 0 || 0.0 || 1
Gino	2 0 2 1.000 || 0 3 2 0 | 1.60  || 0 0 0 0.0 || 0 0 0 3 0 | 1.00 || 1 || 0 || 0 || 2.0 || 0
Howard	4 4 10 .000 || 0 0 0 0 | 0.00  || 0 1 0 0.5 || 0 0 0 0 2 | 0.00 || 1 || 0 || 0 || 4.5 || 6
Fort	0 0 0 .000 || 0 0 0 0 | 0.00  || 0 1 0 0.5 || 0 0 0 0 0 | 0.00 || 1 || 0 || 0 || 0.5 || 0
Ray		2 0 3 .667 || 0 0 0 0 | 0.00  || 0 1 0 0.5 || 0 0 0 1 2 | 0.33 || 0 || 0 || 0 || 2.5 || 2
Cam		0 0 0 .000 || 4 2 0 1 | 2.29  || 0 0 0 0.0 || 0 0 0 0 0 | 0.00 || 1 || 0 || 0 || 0.0 || 0
Cody H.	0 0 0 .000 || 0 0 0 0 | 0.00  || 0 0 0 0.0 || 0 0 0 0 0 | 0.00 || 0 || 0 || 0 || 0.0 || 0
Santos	0 0 0 .000 || 0 0 0 0 | 0.00  || 0 0 0 0.0 || 0 0 0 0 0 | 0.00 || 0 || 0 || 0 || 0.0 || 0
Cody C.	0 0 0 .000 || 0 0 0 0 | 0.00  || 0 0 0 0.0 || 0 0 0 0 0 | 0.00 || 0 || 0 || 0 || 0.0 || 0
K/E/TA/K%: 10/5/25/.200
Receive(3/2/1/0/avg): 6/7/4/2/1.89
BS/BA/BE/TB: 0/4/1/2.0
SA/3/2/1/SE/avg: 0/1/2/8/7/0.83
Digs: 7
Assists: 10
Ball Handling Errors: 1
Total Points: 12.0
Total Errors: 14

