Here are the abbreviated stats:
Name, (nickname)
S: A || D || BS/BA/BE/BT 
OH: K/E/TA/K% || 3/2/1/0/Avg
MB: K/E/TA/K% || BS/BA/BT
L: 3/2/1/0/Avg || D
Micky (mc)	15 || 1 || 0 0 0 0.0
Manley (ma)	4 3 13 .077 || 0 0 0 0 | 0.00 
Lake (lm)	10 2 17 .471 || 5 3 1 1 | 2.20 
Kyle D. (kd)	0 0 0 .000 || 0 0 0 0 | 0.00 
Gino (gg)	0 3 7 -.429 || 1 2 2 1 | 1.50 
Cam (cb)	4 3 1 0 | 2.38  || 1
Cody H. (ch)	5 1 0 0 | 2.83  || 3
Santos (js)	6 1 2 0 | 2.44  || 3
Cody C. (cc)	2 3 0 0 | 2.40  || 3
Howard (jh)	5 3 11 .182 || 0 2 0 1.0
Fort (jf)	3 0 5 .600 || 1 3 0 2.5
Ray (rc)	2 3 6 -.167 || 0 2 0 1.0
Shad (sh)	6 || 1 || 0 0 0 0.0
Shane (cs)	0 0 0 .000 || 0 0 0 0.0
Landel (cj)	0 0 0 .000 || 0 0 0 0 | 0.00 
Mauro (cm)	0 0 0 .000 || 0 0 0 0 | 0.00 

K/E/TA/K%: 26/14/61/.197
Receive(3/2/1/0/avg): 23/13/6/2/2.30
BS/BA/BE/TB: 1/12/0/7.0
SA/3/2/1/SE: 2/6/13/23/16/1.25
Assists: 23
Digs: 19
Total Points: 35.0
Total Errors: 30

Micky	2 0 2 1.000 || 0 0 0 0 | 0.00  || 0 0 0 0.0 || 0 0 3 2 0 | 1.60 || 1 || 15 || 2.0 || 0
Manley	4 3 13 .077 || 0 0 0 0 | 0.00  || 0 1 0 0.5 || 0 0 0 0 0 | 0.00 || 2 || 0 || 4.5 || 3
Lake	10 2 17 .471 || 5 3 1 1 | 2.20  || 0 3 0 1.5 || 0 0 0 0 0 | 0.00 || 0 || 0 || 11.5 || 2
Kyle D.	0 0 0 .000 || 0 0 0 0 | 0.00  || 0 0 0 0.0 || 0 0 0 0 0 | 0.00 || 0 || 0 || 0.0 || 0
Gino	0 3 7 -.429 || 1 2 2 1 | 1.50  || 0 1 0 0.5 || 0 0 0 0 0 | 0.00 || 1 || 0 || 0.5 || 3
Cam		0 0 0 .000 || 4 3 1 0 | 2.38  || 0 0 0 0.0 || 0 2 1 5 2 | 1.30 || 1 || 0 || 0.0 || 2
Cody H.	0 0 0 .000 || 5 1 0 0 | 2.83  || 0 0 0 0.0 || 0 3 2 3 1 | 1.78 || 3 || 1 || 0.0 || 1
Santos	0 0 0 .000 || 6 1 2 0 | 2.44  || 0 0 0 0.0 || 0 0 0 0 0 | 0.00 || 3 || 0 || 0.0 || 0
Cody C.	0 0 0 .000 || 2 3 0 0 | 2.40  || 0 0 0 0.0 || 1 1 4 7 7 | 1.10 || 3 || 0 || 1.0 || 7
Howard	5 3 11 .182 || 0 0 0 0 | 0.00  || 0 2 0 1.0 || 1 0 3 2 4 | 1.20 || 3 || 1 || 7.0 || 7
Fort	3 0 5 .600 || 0 0 0 0 | 0.00  || 1 3 0 2.5 || 0 0 0 0 0 | 0.00 || 0 || 0 || 5.5 || 0
Ray		2 3 6 -.167 || 0 0 0 0 | 0.00  || 0 2 0 1.0 || 0 0 0 0 0 | 0.00 || 1 || 0 || 3.0 || 3
Shad	0 0 0 .000 || 0 0 0 0 | 0.00  || 0 0 0 0.0 || 0 0 0 4 2 | 0.67 || 1 || 6 || 0.0 || 2
Shane	0 0 0 .000 || 0 0 0 0 | 0.00  || 0 0 0 0.0 || 0 0 0 0 0 | 0.00 || 0 || 0 || 0.0 || 0
Landel	0 0 0 .000 || 0 0 0 0 | 0.00  || 0 0 0 0.0 || 0 0 0 0 0 | 0.00 || 0 || 0 || 0.0 || 0
Mauro	0 0 0 .000 || 0 0 0 0 | 0.00  || 0 0 0 0.0 || 0 0 0 0 0 | 0.00 || 0 || 0 || 0.0 || 0
K/E/TA/K%: 26/14/61/.197
Receive(3/2/1/0/avg): 23/13/6/2/2.30
BS/BA/BE/TB: 1/12/0/7.0
SA/3/2/1/SE/avg: 2/6/13/23/16/1.25
Assists: 23
Digs: 19
Total Points: 35.0
Total Errors: 30

