Here are the abbreviated stats:
Name, (nickname)
S: A || D || BS/BA/BE/BT 
OH: K/E/TA/K% || 3/2/1/0/Avg
MB: K/E/TA/K% || BS/BA/BT
L: 3/2/1/0/Avg || D
Micky (mc)	0 || 0 || 0 0 0 0.0
Manley (ma)	0 0 0 .000 || 0 0 0 0 | 0.00 
Lake (lm)	0 0 0 .000 || 0 0 0 0 | 0.00 
Kyle D. (kd)	2 3 14 -.071 || 3 2 1 0 | 2.33 
Gino (gg)	6 2 9 .444 || 3 1 1 0 | 2.40 
Cam (cb)	4 4 0 0 | 2.50  || 2
Cody H. (ch)	4 1 0 1 | 2.33  || 0
Santos (js)	6 1 0 0 | 2.86  || 1
Cody C. (cc)	0 0 0 0 | 0.00  || 0
Howard (jh)	3 1 6 .333 || 0 0 0 0.0
Fort (jf)	2 1 5 .200 || 0 2 0 1.0
Ray (rc)	3 0 4 .750 || 0 0 0 0.0
Lutz (kl)	1 0 5 .200 || 0 2 0 1.0
Shad (sh)	5 || 4 || 0 0 0 0.0
Kittle (ek)	12 || 1 || 0 2 0 1.0
Shane (cs)	3 1 8 .250 || 0 2 0 1.0
Mauro (cm)	2 1 4 .250 || 2 3 0 0 | 2.40 

K/E/TA/K%: 24/10/62/.226
Receive(3/2/1/0/avg): 22/12/2/1/2.49
BS/BA/BE/TB: 2/8/1/6.0
SA/3/2/1/SE: 1/2/12/22/10/1.19
Assists: 23
Digs: 21
Total Points: 31.0
Total Errors: 21

Micky	0 0 0 .000 || 0 0 0 0 | 0.00  || 0 0 0 0.0 || 0 0 0 0 0 | 0.00 || 0 || 0 || 0.0 || 0
Manley	0 0 0 .000 || 0 0 0 0 | 0.00  || 0 0 0 0.0 || 0 0 0 0 0 | 0.00 || 0 || 0 || 0.0 || 0
Lake	0 0 0 .000 || 0 0 0 0 | 0.00  || 0 0 0 0.0 || 0 0 0 0 0 | 0.00 || 0 || 0 || 0.0 || 0
Kyle D.	2 3 14 -.071 || 3 2 1 0 | 2.33  || 2 0 1 2.0 || 0 0 0 0 0 | 0.00 || 0 || 0 || 4.0 || 4
Gino	6 2 9 .444 || 3 1 1 0 | 2.40  || 0 0 0 0.0 || 0 0 2 0 1 | 1.33 || 4 || 1 || 6.0 || 3
Cam		0 0 0 .000 || 4 4 0 0 | 2.50  || 0 0 0 0.0 || 0 0 2 2 0 | 1.50 || 2 || 4 || 0.0 || 0
Cody H.	0 0 0 .000 || 4 1 0 1 | 2.33  || 0 0 0 0.0 || 0 1 2 4 0 | 1.57 || 0 || 0 || 0.0 || 0
Santos	0 0 0 .000 || 6 1 0 0 | 2.86  || 0 0 0 0.0 || 0 0 0 0 0 | 0.00 || 1 || 1 || 0.0 || 0
Cody C.	0 0 0 .000 || 0 0 0 0 | 0.00  || 0 0 0 0.0 || 0 1 1 3 2 | 1.14 || 0 || 0 || 0.0 || 2
Howard	3 1 6 .333 || 0 0 0 0 | 0.00  || 0 0 0 0.0 || 1 0 2 3 0 | 1.83 || 3 || 0 || 4.0 || 1
Fort	2 1 5 .200 || 0 0 0 0 | 0.00  || 0 2 0 1.0 || 0 0 0 0 0 | 0.00 || 1 || 0 || 3.0 || 1
Ray		3 0 4 .750 || 0 0 0 0 | 0.00  || 0 0 0 0.0 || 0 0 0 2 2 | 0.50 || 0 || 0 || 3.0 || 2
Lutz	1 0 5 .200 || 0 0 0 0 | 0.00  || 0 2 0 1.0 || 0 0 0 0 0 | 0.00 || 0 || 0 || 2.0 || 0
Shad	1 0 3 .333 || 0 0 0 0 | 0.00  || 0 0 0 0.0 || 0 0 1 0 3 | 0.50 || 4 || 5 || 1.0 || 3
Kittle	1 1 4 .000 || 0 0 0 0 | 0.00  || 0 2 0 1.0 || 0 0 2 2 2 | 1.00 || 1 || 12 || 2.0 || 3
Shane	3 1 8 .250 || 0 0 0 0 | 0.00  || 0 2 0 1.0 || 0 0 0 3 0 | 1.00 || 0 || 0 || 4.0 || 1
Mauro	2 1 4 .250 || 2 3 0 0 | 2.40  || 0 0 0 0.0 || 0 0 0 3 0 | 1.00 || 5 || 0 || 2.0 || 1
K/E/TA/K%: 24/10/62/.226
Receive(3/2/1/0/avg): 22/12/2/1/2.49
BS/BA/BE/TB: 2/8/1/6.0
SA/3/2/1/SE/avg: 1/2/12/22/10/1.19
Assists: 23
Digs: 21
Total Points: 31.0
Total Errors: 21

