Here are the abbreviated stats:
Name, (nickname)
S: A || D || BS/BA/BE/BT 
OH: K/E/TA/K% || 3/2/1/0/Avg
MB: K/E/TA/K% || BS/BA/BT
L: 3/2/1/0/Avg || D
Micky (mc)	20 || 2 || 0 0 0 0.0
Manley (ma)	7 4 13 .231 || 0 1 0 0 | 2.00 
Lake (lm)	8 3 16 .313 || 8 1 1 1 | 2.45 
Kyle D. (kd)	0 0 0 .000 || 0 0 0 0 | 0.00 
Gino (gg)	2 4 8 -.250 || 6 3 5 0 | 2.07 
Cam (cb)	4 0 0 0 | 3.00  || 3
Cody H. (ch)	2 1 1 0 | 2.25  || 5
Santos (js)	2 4 1 0 | 2.14  || 2
Cody C. (cc)	12 4 1 1 | 2.50  || 0
Howard (jh)	10 1 14 .643 || 0 0 0 0.0
Fort (jf)	5 2 11 .273 || 0 0 0 0.0
Ray (rc)	6 2 10 .400 || 0 3 0 1.5
Shad (sh)	17 || 0 || 0 0 0 0.0
Shane (cs)	0 0 0 .000 || 0 0 0 0.0
Landel (cj)	0 0 0 .000 || 0 0 0 0 | 0.00 
Mauro (cm)	0 0 0 .000 || 0 0 0 0 | 0.00 

K/E/TA/K%: 38/18/76/.263
Receive(3/2/1/0/avg): 34/14/9/2/2.36
BS/BA/BE/TB: 0/7/0/3.5
SA/3/2/1/SE: 2/9/14/34/6/1.49
Assists: 38
Digs: 16
Total Points: 43.5
Total Errors: 24

Micky	0 1 1 -1.000 || 0 0 0 0 | 0.00  || 0 0 0 0.0 || 0 1 2 2 1 | 1.50 || 2 || 20 || 0.0 || 2
Manley	7 4 13 .231 || 0 1 0 0 | 2.00  || 0 1 0 0.5 || 0 2 1 0 1 | 2.00 || 1 || 0 || 7.5 || 5
Lake	8 3 16 .313 || 8 1 1 1 | 2.45  || 0 3 0 1.5 || 0 0 0 0 0 | 0.00 || 1 || 0 || 9.5 || 3
Kyle D.	0 0 0 .000 || 0 0 0 0 | 0.00  || 0 0 0 0.0 || 0 0 0 0 0 | 0.00 || 0 || 0 || 0.0 || 0
Gino	2 4 8 -.250 || 6 3 5 0 | 2.07  || 0 0 0 0.0 || 0 0 0 0 0 | 0.00 || 0 || 0 || 2.0 || 4
Cam		0 0 0 .000 || 4 0 0 0 | 3.00  || 0 0 0 0.0 || 0 3 2 2 1 | 1.88 || 3 || 1 || 0.0 || 1
Cody H.	0 0 0 .000 || 2 1 1 0 | 2.25  || 0 0 0 0.0 || 1 1 1 11 1 | 1.33 || 5 || 0 || 1.0 || 1
Santos	0 0 0 .000 || 2 4 1 0 | 2.14  || 0 0 0 0.0 || 1 0 3 10 0 | 1.43 || 2 || 0 || 1.0 || 0
Cody C.	0 1 2 -.500 || 12 4 1 1 | 2.50  || 0 0 0 0.0 || 0 1 3 6 1 | 1.36 || 0 || 0 || 0.0 || 2
Howard	10 1 14 .643 || 0 0 0 0 | 0.00  || 0 0 0 0.0 || 0 1 0 1 1 | 1.33 || 1 || 0 || 10.0 || 2
Fort	5 2 11 .273 || 0 0 0 0 | 0.00  || 0 0 0 0.0 || 0 0 0 0 0 | 0.00 || 0 || 0 || 5.0 || 2
Ray		6 2 10 .400 || 0 0 0 0 | 0.00  || 0 3 0 1.5 || 0 0 0 0 0 | 0.00 || 1 || 0 || 7.5 || 2
Shad	0 0 1 .000 || 0 0 0 0 | 0.00  || 0 0 0 0.0 || 0 0 2 2 0 | 1.50 || 0 || 17 || 0.0 || 0
Shane	0 0 0 .000 || 0 0 0 0 | 0.00  || 0 0 0 0.0 || 0 0 0 0 0 | 0.00 || 0 || 0 || 0.0 || 0
Landel	0 0 0 .000 || 0 0 0 0 | 0.00  || 0 0 0 0.0 || 0 0 0 0 0 | 0.00 || 0 || 0 || 0.0 || 0
Mauro	0 0 0 .000 || 0 0 0 0 | 0.00  || 0 0 0 0.0 || 0 0 0 0 0 | 0.00 || 0 || 0 || 0.0 || 0
K/E/TA/K%: 38/18/76/.263
Receive(3/2/1/0/avg): 34/14/9/2/2.36
BS/BA/BE/TB: 0/7/0/3.5
SA/3/2/1/SE/avg: 2/9/14/34/6/1.49
Assists: 38
Digs: 16
Total Points: 43.5
Total Errors: 24

