Here are the abbreviated stats:
Name, (nickname)
S: A || D || BS/BA/BE/BT 
OH: K/E/TA/K% || 3/2/1/0/Avg
MB: K/E/TA/K% || BS/BA/BT
L: 3/2/1/0/Avg || D
Micky (mc)	13 || 1 || 0 1 0 0.5
Manley (ma)	3 1 5 .400 || 7 5 0 1 | 2.38 
Lake (lm)	3 0 7 .429 || 2 2 1 0 | 2.20 
Kyle D. (kd)	1 2 5 -.200 || 4 0 1 1 | 2.17 
Gino (gg)	0 3 5 -.600 || 6 4 2 0 | 2.33 
Cam (cb)	6 0 0 0 | 3.00  || 2
Cody H. (ch)	0 0 0 0 | 0.00  || 1
Santos (js)	3 1 0 0 | 2.75  || 3
Cody C. (cc)	0 0 0 0 | 0.00  || 0
Howard (jh)	8 2 10 .600 || 1 0 0 1.0
Fort (jf)	4 2 9 .222 || 0 1 0 0.5
Ray (rc)	4 0 8 .500 || 0 2 0 1.0
Shad (sh)	12 || 3 || 1 0 0 1.0
Shane (cs)	8 2 13 .462 || 0 1 1 0.5
Landel (cj)	0 0 0 .000 || 0 0 0 0 | 0.00 

K/E/TA/K%: 32/12/63/.317
Receive(3/2/1/0/avg): 28/12/4/2/2.43
BS/BA/BE/TB: 2/6/1/5.0
SA/3/2/1/SE: 2/4/12/28/2/1.50
Assists: 31
Digs: 18
Total Points: 39.0
Total Errors: 15

Micky	1 0 1 1.000 || 0 0 0 0 | 0.00  || 0 1 0 0.5 || 0 0 2 3 0 | 1.40 || 1 || 13 || 1.5 || 0
Manley	3 1 5 .400 || 7 5 0 1 | 2.38  || 0 0 0 0.0 || 0 0 2 1 0 | 1.67 || 1 || 0 || 3.0 || 1
Lake	3 0 7 .429 || 2 2 1 0 | 2.20  || 0 1 0 0.5 || 0 0 1 2 1 | 1.00 || 0 || 0 || 3.5 || 1
Kyle D.	1 2 5 -.200 || 4 0 1 1 | 2.17  || 0 0 0 0.0 || 0 2 1 2 0 | 2.00 || 1 || 0 || 1.0 || 2
Gino	0 3 5 -.600 || 6 4 2 0 | 2.33  || 0 0 0 0.0 || 0 0 1 1 0 | 1.50 || 3 || 0 || 0.0 || 3
Cam		0 0 0 .000 || 6 0 0 0 | 3.00  || 0 0 0 0.0 || 0 0 0 0 0 | 0.00 || 2 || 3 || 0.0 || 0
Cody H.	0 0 0 .000 || 0 0 0 0 | 0.00  || 0 0 0 0.0 || 2 1 3 6 0 | 1.92 || 1 || 0 || 2.0 || 0
Santos	0 0 0 .000 || 3 1 0 0 | 2.75  || 0 0 0 0.0 || 0 0 0 0 0 | 0.00 || 3 || 3 || 0.0 || 0
Cody C.	0 0 0 .000 || 0 0 0 0 | 0.00  || 0 0 0 0.0 || 0 1 0 6 1 | 1.13 || 0 || 0 || 0.0 || 1
Howard	8 2 10 .600 || 0 0 0 0 | 0.00  || 1 0 0 1.0 || 0 0 1 1 0 | 1.50 || 1 || 0 || 9.0 || 2
Fort	4 2 9 .222 || 0 0 0 0 | 0.00  || 0 1 0 0.5 || 0 0 0 0 0 | 0.00 || 0 || 0 || 4.5 || 2
Ray		4 0 8 .500 || 0 0 0 0 | 0.00  || 0 2 0 1.0 || 0 0 0 0 0 | 0.00 || 1 || 0 || 5.0 || 0
Shad	0 0 0 .000 || 0 0 0 0 | 0.00  || 1 0 0 1.0 || 0 0 0 4 0 | 1.00 || 3 || 12 || 1.0 || 0
Shane	8 2 13 .462 || 0 0 0 0 | 0.00  || 0 1 1 0.5 || 0 0 1 2 0 | 1.33 || 1 || 0 || 8.5 || 3
Landel	0 0 0 .000 || 0 0 0 0 | 0.00  || 0 0 0 0.0 || 0 0 0 0 0 | 0.00 || 0 || 0 || 0.0 || 0
K/E/TA/K%: 32/12/63/.317
Receive(3/2/1/0/avg): 28/12/4/2/2.43
BS/BA/BE/TB: 2/6/1/5.0
SA/3/2/1/SE/avg: 2/4/12/28/2/1.50
Assists: 31
Digs: 18
Total Points: 39.0
Total Errors: 15

