Here are the abbreviated stats:
Name, (nickname)
S: A || D || BS/BA/BE/BT 
OH: K/E/TA/K% || 3/2/1/0/Avg
MB: K/E/TA/K% || BS/BA/BT
L: 3/2/1/0/Avg || D
Micky (mc)	13 || 4 || 0 0 0 0.0
Shad (sh)	0 || 3 || 0 0 0 0.0
Manley (ma)	3 3 8 .000 || 3 4 3 0 | 2.00 
Lake (lm)	6 1 10 .500 || 6 0 2 0 | 2.50 
Kyle D. (kd)	3 2 10 .100 || 4 4 0 0 | 2.50 
Gino (gg)	0 0 0 .000 || 0 0 0 0 | 0.00 
Howard (jh)	5 0 8 .625 || 0 0 0 0.0
Fort (jf)	3 1 6 .333 || 0 0 0 0.0
Ray (rc)	1 0 4 .250 || 0 0 0 0.0
Cam (cb)	3 1 0 0 | 2.75  || 4
Cody H. (ch)	2 0 2 0 | 2.00  || 2
Santos (js)	3 1 1 0 | 2.40  || 4
Cody C. (cc)	0 0 0 0 | 0.00  || 1
Shane (cs)	0 0 0 .000 || 0 0 0 0.0
Landel (cj)	3 0 4 .750 || 0 0 0 0 | 0.00 
Mauro (cm)	0 0 2 .000 || 0 0 0 0 | 0.00 

K/E/TA/K%: 29/7/60/.367
Receive(3/2/1/0/avg): 21/10/8/0/2.33
BS/BA/BE/TB: 0/0/0/0.0
SA/3/2/1/SE: 0/8/10/20/3/1.56
Digs: 23
Assists: 29
Ball Handling Errors: 2
Total Points: 29.0
Total Errors: 12

Micky	0 0 0 .000 || 0 0 0 0 | 0.00  || 0 0 0 0.0 || 0 1 1 0 0 | 2.50 || 4 || 13 || 0 || 0.0 || 0
Shad	5 0 8 .625 || 0 0 0 0 | 0.00  || 0 0 0 0.0 || 0 2 0 2 1 | 1.60 || 3 || 0 || 0 || 5.0 || 1
Manley	3 3 8 .000 || 3 4 3 0 | 2.00  || 0 0 0 0.0 || 0 0 2 1 0 | 1.67 || 1 || 1 || 0 || 3.0 || 3
Lake	6 1 10 .500 || 6 0 2 0 | 2.50  || 0 0 0 0.0 || 0 1 0 2 0 | 1.67 || 1 || 0 || 0 || 6.0 || 1
Kyle D.	3 2 10 .100 || 4 4 0 0 | 2.50  || 0 0 0 0.0 || 0 1 1 3 0 | 1.60 || 0 || 0 || 0 || 3.0 || 2
Gino	0 0 0 .000 || 0 0 0 0 | 0.00  || 0 0 0 0.0 || 0 0 0 0 0 | 0.00 || 0 || 0 || 0 || 0.0 || 0
Howard	5 0 8 .625 || 0 0 0 0 | 0.00  || 0 0 0 0.0 || 0 1 1 2 1 | 1.40 || 1 || 0 || 0 || 5.0 || 1
Fort	3 1 6 .333 || 0 0 0 0 | 0.00  || 0 0 0 0.0 || 0 0 0 0 0 | 0.00 || 0 || 0 || 1 || 3.0 || 2
Ray		1 0 4 .250 || 0 0 0 0 | 0.00  || 0 0 0 0.0 || 0 0 0 0 0 | 0.00 || 0 || 0 || 0 || 1.0 || 0
Cam		0 0 0 .000 || 3 1 0 0 | 2.75  || 0 0 0 0.0 || 0 0 0 0 0 | 0.00 || 4 || 4 || 1 || 0.0 || 1
Cody H.	0 0 0 .000 || 2 0 2 0 | 2.00  || 0 0 0 0.0 || 0 0 3 0 0 | 2.00 || 2 || 0 || 0 || 0.0 || 0
Santos	0 0 0 .000 || 3 1 1 0 | 2.40  || 0 0 0 0.0 || 0 0 0 4 0 | 1.00 || 4 || 0 || 0 || 0.0 || 0
Cody C.	0 0 0 .000 || 0 0 0 0 | 0.00  || 0 0 0 0.0 || 0 2 2 1 1 | 1.83 || 1 || 0 || 0 || 0.0 || 1
Shane	0 0 0 .000 || 0 0 0 0 | 0.00  || 0 0 0 0.0 || 0 0 0 0 0 | 0.00 || 0 || 0 || 0 || 0.0 || 0
Landel	3 0 4 .750 || 0 0 0 0 | 0.00  || 0 0 0 0.0 || 0 0 0 2 0 | 1.00 || 1 || 0 || 0 || 3.0 || 0
Mauro	0 0 2 .000 || 0 0 0 0 | 0.00  || 0 0 0 0.0 || 0 0 0 3 0 | 1.00 || 1 || 11 || 0 || 0.0 || 0
K/E/TA/K%: 29/7/60/.367
Receive(3/2/1/0/avg): 21/10/8/0/2.33
BS/BA/BE/TB: 0/0/0/0.0
SA/3/2/1/SE/avg: 0/8/10/20/3/1.56
Digs: 23
Assists: 29
Ball Handling Errors: 2
Total Points: 29.0
Total Errors: 12

