Here are the abbreviated stats:
Name, (nickname)
S: A || D || BS/BA/BE/BT 
OH: K/E/TA/K% || 3/2/1/0/Avg
MB: K/E/TA/K% || BS/BA/BT
L: 3/2/1/0/Avg || D
Micky (mc)	5 || 1 || 0 0 0 0.0
Manley (ma)	1 6 9 -.556 || 0 2 0 0 | 2.00 
Lake (lm)	0 0 0 .000 || 0 0 0 0 | 0.00 
Kyle D. (kd)	1 0 4 .250 || 0 0 0 0 | 0.00 
Gino (gg)	3 2 10 .100 || 1 0 0 0 | 3.00 
Cam (cb)	2 0 0 0 | 3.00  || 0
Cody H. (ch)	1 1 1 1 | 1.50  || 4
Santos (js)	1 0 0 0 | 3.00  || 1
Cody C. (cc)	0 0 0 0 | 0.00  || 0
Howard (jh)	2 0 5 .400 || 0 3 1 1.5
Fort (jf)	0 0 0 .000 || 0 0 0 0.0
Ray (rc)	2 0 3 .667 || 0 0 0 0.0
Lutz (kl)	0 0 1 .000 || 0 4 0 2.0
Shad (sh)	0 || 3 || 0 0 0 0.0
Kittle (ek)	0 || 0 || 0 0 0 0.0
Shane (cs)	0 0 0 .000 || 0 0 0 0.0
Mauro (cm)	0 0 0 .000 || 0 0 0 0 | 0.00 

K/E/TA/K%: 11/10/36/.028
Receive(3/2/1/0/avg): 5/3/1/1/2.20
BS/BA/BE/TB: 0/8/1/4.0
SA/3/2/1/SE: 1/1/3/5/2/1.50
Assists: 11
Digs: 13
Total Points: 16.0
Total Errors: 13

Micky	0 0 0 .000 || 0 0 0 0 | 0.00  || 0 0 0 0.0 || 1 1 3 1 1 | 2.00 || 1 || 5 || 1.0 || 1
Manley	1 6 9 -.556 || 0 2 0 0 | 2.00  || 0 0 0 0.0 || 0 0 0 0 0 | 0.00 || 1 || 0 || 1.0 || 6
Lake	0 0 0 .000 || 0 0 0 0 | 0.00  || 0 0 0 0.0 || 0 0 0 0 0 | 0.00 || 0 || 0 || 0.0 || 0
Kyle D.	1 0 4 .250 || 0 0 0 0 | 0.00  || 0 1 0 0.5 || 0 0 0 0 0 | 0.00 || 1 || 0 || 1.5 || 0
Gino	3 2 10 .100 || 1 0 0 0 | 3.00  || 0 0 0 0.0 || 0 0 0 1 0 | 1.00 || 0 || 0 || 3.0 || 2
Cam		0 0 0 .000 || 2 0 0 0 | 3.00  || 0 0 0 0.0 || 0 0 0 0 0 | 0.00 || 0 || 1 || 0.0 || 0
Cody H.	0 0 0 .000 || 1 1 1 1 | 1.50  || 0 0 0 0.0 || 0 0 0 1 0 | 1.00 || 4 || 0 || 0.0 || 0
Santos	0 0 0 .000 || 1 0 0 0 | 3.00  || 0 0 0 0.0 || 0 0 0 1 0 | 1.00 || 1 || 0 || 0.0 || 0
Cody C.	0 0 0 .000 || 0 0 0 0 | 0.00  || 0 0 0 0.0 || 0 0 0 0 1 | 0.00 || 0 || 0 || 0.0 || 1
Howard	2 0 5 .400 || 0 0 0 0 | 0.00  || 0 3 1 1.5 || 0 0 0 0 0 | 0.00 || 0 || 0 || 3.5 || 1
Fort	0 0 0 .000 || 0 0 0 0 | 0.00  || 0 0 0 0.0 || 0 0 0 0 0 | 0.00 || 0 || 0 || 0.0 || 0
Ray		2 0 3 .667 || 0 0 0 0 | 0.00  || 0 0 0 0.0 || 0 0 0 0 0 | 0.00 || 0 || 0 || 2.0 || 0
Lutz	0 0 1 .000 || 0 0 0 0 | 0.00  || 0 4 0 2.0 || 0 0 0 0 0 | 0.00 || 1 || 0 || 2.0 || 0
Shad	2 2 4 .000 || 0 0 0 0 | 0.00  || 0 0 0 0.0 || 0 0 0 0 0 | 0.00 || 3 || 0 || 2.0 || 2
Kittle	0 0 0 .000 || 0 0 0 0 | 0.00  || 0 0 0 0.0 || 0 0 0 0 0 | 0.00 || 0 || 0 || 0.0 || 0
Shane	0 0 0 .000 || 0 0 0 0 | 0.00  || 0 0 0 0.0 || 0 0 0 0 0 | 0.00 || 0 || 0 || 0.0 || 0
Mauro	0 0 0 .000 || 0 0 0 0 | 0.00  || 0 0 0 0.0 || 0 0 0 1 0 | 1.00 || 1 || 5 || 0.0 || 0
K/E/TA/K%: 11/10/36/.028
Receive(3/2/1/0/avg): 5/3/1/1/2.20
BS/BA/BE/TB: 0/8/1/4.0
SA/3/2/1/SE/avg: 1/1/3/5/2/1.50
Assists: 11
Digs: 13
Total Points: 16.0
Total Errors: 13

