Here are the abbreviated stats:
Name, (nickname)
S: A || D || BS/BA/BE/BT 
OH: K/E/TA/K% || 3/2/1/0/Avg
MB: K/E/TA/K% || BS/BA/BT
L: 3/2/1/0/Avg || D
Micky (mc)	10 || 1 || 0 1 1 0.5
Manley (ma)	1 1 5 .000 || 4 3 3 0 | 2.10 
Lake (lm)	3 0 6 .500 || 0 1 0 0 | 2.00 
Kyle D. (kd)	1 2 4 -.250 || 2 1 2 0 | 2.00 
Gino (gg)	2 1 6 .167 || 2 2 0 2 | 1.67 
Cam (cb)	1 1 0 0 | 2.50  || 1
Cody H. (ch)	0 1 1 0 | 1.50  || 4
Santos (js)	0 0 0 0 | 0.00  || 4
Cody C. (cc)	0 0 0 0 | 0.00  || 2
Howard (jh)	4 0 6 .667 || 0 0 1 0.0
Fort (jf)	0 2 5 -.400 || 0 0 0 0.0
Ray (rc)	3 0 4 .750 || 0 1 0 0.5
Shad (sh)	4 || 1 || 0 0 1 0.0
Shane (cs)	0 0 0 .000 || 0 0 0 0.0
Landel (cj)	2 2 9 .000 || 0 0 0 0 | 0.00 
Mauro (cm)	0 0 0 .000 || 0 0 0 0 | 0.00 

K/E/TA/K%: 16/8/47/.170
Receive(3/2/1/0/avg): 9/9/6/2/1.96
BS/BA/BE/TB: 0/2/3/1.0
SA/3/2/1/SE: 2/6/9/9/5/1.71
Assists: 16
Digs: 22
Total Points: 19.0
Total Errors: 16

Micky	0 0 2 .000 || 0 0 0 0 | 0.00  || 0 1 1 0.5 || 1 2 1 1 2 | 1.86 || 1 || 10 || 1.5 || 3
Manley	1 1 5 .000 || 4 3 3 0 | 2.10  || 0 0 0 0.0 || 0 1 0 0 0 | 3.00 || 3 || 0 || 1.0 || 1
Lake	3 0 6 .500 || 0 1 0 0 | 2.00  || 0 0 0 0.0 || 0 0 1 2 1 | 1.00 || 2 || 0 || 3.0 || 1
Kyle D.	1 2 4 -.250 || 2 1 2 0 | 2.00  || 0 0 0 0.0 || 0 1 3 2 1 | 1.57 || 3 || 0 || 1.0 || 3
Gino	2 1 6 .167 || 2 2 0 2 | 1.67  || 0 0 0 0.0 || 0 0 1 0 1 | 1.00 || 0 || 0 || 2.0 || 2
Cam		0 0 0 .000 || 1 1 0 0 | 2.50  || 0 0 0 0.0 || 0 0 0 0 0 | 0.00 || 1 || 0 || 0.0 || 0
Cody H.	0 0 0 .000 || 0 1 1 0 | 1.50  || 0 0 0 0.0 || 0 0 0 0 0 | 0.00 || 4 || 1 || 0.0 || 0
Santos	0 0 0 .000 || 0 0 0 0 | 0.00  || 0 0 0 0.0 || 0 0 0 0 0 | 0.00 || 4 || 0 || 0.0 || 0
Cody C.	0 0 0 .000 || 0 0 0 0 | 0.00  || 0 0 0 0.0 || 0 1 3 2 0 | 1.83 || 2 || 0 || 0.0 || 0
Howard	4 0 6 .667 || 0 0 0 0 | 0.00  || 0 0 1 0.0 || 1 0 0 1 0 | 2.50 || 1 || 1 || 5.0 || 1
Fort	0 2 5 -.400 || 0 0 0 0 | 0.00  || 0 0 0 0.0 || 0 0 0 0 0 | 0.00 || 0 || 0 || 0.0 || 2
Ray		3 0 4 .750 || 0 0 0 0 | 0.00  || 0 1 0 0.5 || 0 0 0 0 0 | 0.00 || 0 || 0 || 3.5 || 0
Shad	0 0 0 .000 || 0 0 0 0 | 0.00  || 0 0 1 0.0 || 0 0 0 1 0 | 1.00 || 1 || 4 || 0.0 || 1
Shane	0 0 0 .000 || 0 0 0 0 | 0.00  || 0 0 0 0.0 || 0 0 0 0 0 | 0.00 || 0 || 0 || 0.0 || 0
Landel	2 2 9 .000 || 0 0 0 0 | 0.00  || 0 0 0 0.0 || 0 1 0 0 0 | 3.00 || 0 || 0 || 2.0 || 2
Mauro	0 0 0 .000 || 0 0 0 0 | 0.00  || 0 0 0 0.0 || 0 0 0 0 0 | 0.00 || 0 || 0 || 0.0 || 0
K/E/TA/K%: 16/8/47/.170
Receive(3/2/1/0/avg): 9/9/6/2/1.96
BS/BA/BE/TB: 0/2/3/1.0
SA/3/2/1/SE/avg: 2/6/9/9/5/1.71
Assists: 16
Digs: 22
Total Points: 19.0
Total Errors: 16

