Here are the abbreviated stats:
Name, (nickname)
S: A || D || BS/BA/BT 
OH: K/E/TA/K% || 3/2/1/0/Avg
MB: K/E/TA/K% || BS/BA/BT
L: 3/2/1/0/Avg || D
Micky (mc)	0 || 13 || 0 1 1 0.5
Manley (ma)	0 0 0 .000 || 0 0 0 0 | 0.00 
Lake (lm)	4 5 14 -.071 || 0 0 0 0 | 0.00 
Kyle D. (kd)	2 4 10 -.200 || 0 0 0 0 | 0.00 
Gino (gg)	10 6 28 .143 || 0 0 0 0 | 0.00 
Cam (cb)	0 0 0 0 | 0.00  || 8
Cody H. (ch)	0 0 0 0 | 0.00  || 0
Santos (js)	0 0 0 0 | 0.00  || 11
Cody C. (cc)	0 0 0 0 | 0.00  || 0
Howard (jh)	6 1 16 .313 || 0 2 1 1.0
Fort (jf)	6 3 17 .176 || 0 3 0 1.5
Ray (rc)	6 1 14 .357 || 2 1 0 2.5
Lutz (kl)	0 0 0 .000 || 0 0 0 0.0
Shad (sh)	17 || 2 || 0 1 0 0.5
Kittle (ek)	19 || 0 || 0 0 0 0.0

K/E/TA/K%: 43/22/114/.184
Receive(3/2/1/0/avg): 0/0/0/0/0.00
BS/BA/BE/TB: 2/8/2/6.0
SA/3/2/1/SE: 0/0/0/0/0/0.00
Assists: 39
Digs: 47
Total Points: 49.0
Total Errors: 24

Micky	3 2 6 .167 || 0 0 0 0 | 0.00  || 0 1 1 0.5 || 0 0 0 0 0 | 0.00 || 13 || 0 || 3.5 || 3
Manley	0 0 0 .000 || 0 0 0 0 | 0.00  || 0 0 0 0.0 || 0 0 0 0 0 | 0.00 || 0 || 0 || 0.0 || 0
Lake	4 5 14 -.071 || 0 0 0 0 | 0.00  || 0 0 0 0.0 || 0 0 0 0 0 | 0.00 || 3 || 0 || 4.0 || 5
Kyle D.	2 4 10 -.200 || 0 0 0 0 | 0.00  || 0 0 0 0.0 || 0 0 0 0 0 | 0.00 || 2 || 0 || 2.0 || 4
Gino	10 6 28 .143 || 0 0 0 0 | 0.00  || 0 0 0 0.0 || 0 0 0 0 0 | 0.00 || 1 || 0 || 10.0 || 6
Cam		1 0 2 .500 || 0 0 0 0 | 0.00  || 0 0 0 0.0 || 0 0 0 0 0 | 0.00 || 8 || 0 || 1.0 || 0
Cody H.	0 0 0 .000 || 0 0 0 0 | 0.00  || 0 0 0 0.0 || 0 0 0 0 0 | 0.00 || 0 || 1 || 0.0 || 0
Santos	0 0 0 .000 || 0 0 0 0 | 0.00  || 0 0 0 0.0 || 0 0 0 0 0 | 0.00 || 11 || 1 || 0.0 || 0
Cody C.	0 0 0 .000 || 0 0 0 0 | 0.00  || 0 0 0 0.0 || 0 0 0 0 0 | 0.00 || 0 || 0 || 0.0 || 0
Howard	6 1 16 .313 || 0 0 0 0 | 0.00  || 0 2 1 1.0 || 0 0 0 0 0 | 0.00 || 3 || 0 || 7.0 || 2
Fort	6 3 17 .176 || 0 0 0 0 | 0.00  || 0 3 0 1.5 || 0 0 0 0 0 | 0.00 || 3 || 1 || 7.5 || 3
Ray		6 1 14 .357 || 0 0 0 0 | 0.00  || 2 1 0 2.5 || 0 0 0 0 0 | 0.00 || 1 || 0 || 8.5 || 1
Lutz	0 0 0 .000 || 0 0 0 0 | 0.00  || 0 0 0 0.0 || 0 0 0 0 0 | 0.00 || 0 || 0 || 0.0 || 0
Shad	3 0 3 1.000 || 0 0 0 0 | 0.00  || 0 1 0 0.5 || 0 0 0 0 0 | 0.00 || 2 || 17 || 3.5 || 0
Kittle	2 0 4 .500 || 0 0 0 0 | 0.00  || 0 0 0 0.0 || 0 0 0 0 0 | 0.00 || 0 || 19 || 2.0 || 0
K/E/TA/K%: 43/22/114/.184
Receive(3/2/1/0/avg): 0/0/0/0/0.00
BS/BA/BE/TB: 2/8/2/6.0
SA/3/2/1/SE/avg: 0/0/0/0/0/0.00
Assists: 39
Digs: 47
Total Points: 49.0
Total Errors: 24

